[681.  726.5 663.  742.  716.  308.  658.5 715.5 344.5 691.5 672.  649.5
 589.  673.5 720.5 650.  648.5 408.5 739.5 393.  684.  730.5 737.  732.
 677.5 250.5 764.5 727.5 741.  649.5 761.  716.  757.  695.5 474.5 624.
 769.5 708.  620.  731.  737.  734.5 507.  686.5 234.5 442.  682.  266.5
 606.5 446.5 733.  441.5 498.  706.5 718.  761.  747.  743.  675.5 575.5
 268.  714.  734.5 620.  684.5 744.  595.5 738.5 632.  734.  740.5 713.
 309.5 695.  703.  725.5 702.5 596.  476.  571.5 727.  392.  735.  760.
 637.  541.5 732.  704.5 686.  666.5 537.5 719.  754.5 773.5 670.5 735.5
 462.  652.5 578.5 734.  722.  759.  722.  752.  757.  759.  767.  756.
 572.  748.  742.5 708.  484.  612.  576.  731.  744.5 770.5 376.5 603.
 639.5 275.  311.5 751.5 768.  165.  202.  740.5 743.5 743.5 466.  691.
 181.5 715.5 453.  709.5 343.5 484.5 723.  605.5 714.  725.  706.  416.5
 408.  468.  636.  725.  495.5 688.5 364.  342.  558.5 329.  709.5 721.
 176.5 653.5 405.5 344.  710.5 723.5 733.5 620.5 377.5 525.  351.5 735.5
 741.5 704.5 738.5 719.  746.5 738.  728.  725.  731.5 723.5 728.  644.5
 694.5 479.  515.  575.  719.  481.5 718.5 671.5 650.  760.  444.5 712.5
 423.  732.  293.5 430.  547.  706.  737.  668.  690.  545.5 677.  650.
 496.  728.5 749.  398.5 562.5 380.5 690.5 661.5 623.5 700.5 711.  746.
 465.  449.  359.  572.5 677.5 682.  602.  628.  427.5 613.5 562.5 239.5
 334.  672.  656.5 611.  624.5 695.5 684.5 728.5 628.  463.  269.5 742. ]
[777.  773.5 773.5 770.5 769.5 768.5 768.  767.  767.  764.5 764.5 761.
 761.  761.  761.  760.  760.  760.  760.  759.  759.  758.  757.5 757.
 757.  756.  756.  756.  754.5 754.5 753.5 753.  752.  751.5 751.  751.
 750.5 749.  749.  749.  748.5 748.  748.  747.5 747.  746.5 746.  745.5
 745.5 745.5 745.  744.5 744.5 744.  744.  743.5 743.5 743.5 743.  743.
 742.5 742.5 742.5 742.  742.  742.  741.5 741.  741.  741.  740.5 740.5
 740.5 740.  739.5 739.5 739.5 739.  739.  738.5 738.5 738.5 738.  737.
 737.  737.  737.  736.  735.5 735.5 735.5 735.5 735.  735.  735.  734.5
 734.5 734.5 734.  734.  733.5 733.5 733.  733.  733.  732.5 732.5 732.
 732.  732.  732.  732.  732.  732.  731.5 731.  731.  731.  731.  730.5
 730.5 728.5 728.5 728.  728.  728.  727.5 727.  726.5 725.5 725.5 725.
 725.  725.  724.  724.  724.  723.5 723.5 723.5 723.  723.  722.5 722.
 722.  722.  721.  721.  720.5 719.  719.  719.  719.  719.  718.5 718.5
 718.  718.  718.  717.  716.  716.  715.5 715.5 715.  714.  714.  713.
 712.5 711.  711.  710.5 709.5 709.5 709.5 708.  708.  707.5 707.5 706.5
 706.  706.  705.5 704.5 704.5 703.  702.5 702.  700.5 695.5 695.5 695.5
 695.  694.5 694.5 691.5 691.  690.5 690.  688.5 686.5 686.  685.  684.5
 684.5 684.5 684.  682.  682.  681.  681.  680.5 678.  677.5 677.5 677.
 675.5 673.5 672.5 672.  672.  671.5 670.5 668.  667.  666.5 666.5 663.
 662.5 661.5 660.  658.5 656.5 656.  655.5 653.5 652.5 650.  650.  650. ]
[779.  777.  777.  777.  777.  775.5 773.5 773.5 773.5 770.5 770.5 769.5
 769.  768.5 768.  767.  767.  767.  767.  765.5 764.5 764.5 764.  761.
 761.  761.  761.  761.  760.5 760.  760.  760.  760.  760.  760.  759.5
 759.  759.  759.  758.5 758.  757.5 757.  757.  757.  757.  757.  756.
 756.  756.  755.5 754.5 754.5 754.5 754.5 753.5 753.  753.  753.  752.5
 752.5 752.  752.  751.5 751.  751.  750.5 750.5 750.  749.5 749.5 749.
 749.  749.  748.5 748.5 748.5 748.5 748.  748.  748.  748.  747.5 747.
 747.  746.5 746.  746.  746.  745.5 745.5 745.5 745.5 745.  744.5 744.5
 744.5 744.5 744.  744.  744.  743.5 743.5 743.5 743.5 743.5 743.  743.
 743.  743.  742.5 742.5 742.5 742.5 742.  742.  742.  742.  742.  741.5
 741.5 741.  741.  741.  741.  741.  740.5 740.5 740.5 740.5 740.  740.
 740.  739.5 739.5 739.5 739.5 739.5 739.5 739.5 739.  739.  738.5 738.5
 738.5 738.5 738.5 738.  737.5 737.  737.  737.  737.  737.  736.  736.
 736.  735.5 735.5 735.5 735.5 735.5 735.  735.  735.  735.  735.  734.5
 734.5 734.5 734.5 734.5 734.  734.  734.  733.5 733.5 733.5 733.  733.
 733.  732.5 732.5 732.  732.  732.  732.  732.  732.  732.  732.  732.
 731.5 731.5 731.  731.  731.  731.  731.  730.5 730.5 730.  730.  729.5
 728.5 728.5 728.5 728.  728.  728.  727.5 727.5 727.  726.5 726.  726.
 725.5 725.5 725.5 725.  725.  725.  724.  724.  724.  724.  724.  724.
 723.5 723.5 723.5 723.  723.  723.  723.  722.5 722.  722.  722.  722. ]
[780.5 779.  777.5 777.  777.  777.  777.  777.  775.5 775.  774.5 774.
 773.5 773.5 773.5 773.5 773.  770.5 770.5 770.5 770.5 770.  769.5 769.
 769.  769.  768.5 768.5 768.5 768.  767.  767.  767.  767.  767.  767.
 766.  765.5 764.5 764.5 764.5 764.  763.  763.  761.5 761.  761.  761.
 761.  761.  760.5 760.  760.  760.  760.  760.  760.  760.  760.  759.5
 759.  759.  759.  759.  759.  758.5 758.  758.  758.  757.5 757.5 757.
 757.  757.  757.  757.  757.  757.  757.  756.5 756.  756.  756.  756.
 756.  756.  755.5 755.  754.5 754.5 754.5 754.5 754.5 753.5 753.5 753.
 753.  753.  752.5 752.5 752.  752.  752.  752.  751.5 751.  751.  751.
 750.5 750.5 750.  749.5 749.5 749.5 749.5 749.  749.  749.  749.  748.5
 748.5 748.5 748.5 748.5 748.  748.  748.  748.  748.  748.  748.  748.
 748.  747.5 747.  747.  746.5 746.5 746.  746.  746.  746.  746.  745.5
 745.5 745.5 745.5 745.  745.  745.  744.5 744.5 744.5 744.5 744.  744.
 744.  744.  743.5 743.5 743.5 743.5 743.5 743.5 743.  743.  743.  743.
 743.  742.5 742.5 742.5 742.5 742.  742.  742.  742.  742.  742.  742.
 741.5 741.5 741.5 741.  741.  741.  741.  741.  741.  740.5 740.5 740.5
 740.5 740.5 740.  740.  740.  739.5 739.5 739.5 739.5 739.5 739.5 739.5
 739.5 739.5 739.5 739.  739.  739.  738.5 738.5 738.5 738.5 738.5 738.5
 738.  737.5 737.5 737.  737.  737.  737.  737.  737.  737.  737.  737.
 736.  736.  736.  736.  735.5 735.5 735.5 735.5 735.5 735.  735.  735. ]
[800.  793.  782.5 782.  780.5 780.5 780.5 780.5 779.  779.  778.  777.5
 777.  777.  777.  777.  777.  777.  777.  775.5 775.  775.  774.5 774.5
 774.  773.5 773.5 773.5 773.5 773.5 773.5 773.5 773.  772.  772.  771.
 771.  770.5 770.5 770.5 770.5 770.5 770.5 770.  770.  769.5 769.  769.
 769.  768.5 768.5 768.5 768.  768.  767.  767.  767.  767.  767.  767.
 767.  767.  766.  766.  765.5 765.  765.  764.5 764.5 764.5 764.5 764.
 764.  763.5 763.  763.  763.  761.5 761.5 761.5 761.  761.  761.  761.
 761.  761.  760.5 760.  760.  760.  760.  760.  760.  760.  760.  760.
 759.5 759.  759.  759.  759.  759.  759.  759.  759.  759.  758.5 758.
 758.  758.  758.  757.5 757.5 757.  757.  757.  757.  757.  757.  757.
 757.  757.  756.5 756.5 756.5 756.  756.  756.  756.  756.  756.  756.
 756.  755.5 755.  754.5 754.5 754.5 754.5 754.5 754.5 754.  754.  753.5
 753.5 753.  753.  753.  752.5 752.5 752.  752.  752.  752.  752.  752.
 752.  751.5 751.5 751.  751.  751.  750.5 750.5 750.  749.5 749.5 749.5
 749.5 749.  749.  749.  749.  748.5 748.5 748.5 748.5 748.5 748.  748.
 748.  748.  748.  748.  748.  748.  748.  748.  748.  748.  747.5 747.
 747.  746.5 746.5 746.5 746.  746.  746.  746.  746.  746.  746.  745.5
 745.5 745.5 745.5 745.5 745.  745.  745.  744.5 744.5 744.5 744.5 744.5
 744.  744.  744.  744.  744.  743.5 743.5 743.5 743.5 743.5 743.5 743.
 743.  743.  743.  743.  742.5 742.5 742.5 742.5 742.5 742.  742.  742. ]
[824.5 800.  793.  782.5 782.5 782.  782.  780.5 780.5 780.5 780.5 780.5
 779.  779.  778.  777.5 777.  777.  777.  777.  777.  777.  777.  776.
 775.5 775.  775.  774.5 774.5 774.  773.5 773.5 773.5 773.5 773.5 773.5
 773.5 773.5 773.5 773.  772.  772.  772.  771.  771.  771.  771.  770.5
 770.5 770.5 770.5 770.5 770.5 770.5 770.5 770.  770.  769.5 769.5 769.
 769.  769.  768.5 768.5 768.5 768.  768.  768.  768.  767.  767.  767.
 767.  767.  767.  767.  767.  767.  767.  766.  766.  765.5 765.  765.
 764.5 764.5 764.5 764.5 764.5 764.  764.  764.  764.  763.5 763.5 763.
 763.  763.  763.  761.5 761.5 761.5 761.  761.  761.  761.  761.  761.
 761.  760.5 760.5 760.  760.  760.  760.  760.  760.  760.  760.  760.
 760.  760.  760.  759.5 759.5 759.  759.  759.  759.  759.  759.  759.
 759.  759.  759.  759.  758.5 758.5 758.  758.  758.  758.  758.  757.5
 757.5 757.5 757.  757.  757.  757.  757.  757.  757.  757.  757.  757.
 757.  756.5 756.5 756.5 756.  756.  756.  756.  756.  756.  756.  756.
 756.  756.  756.  756.  756.  755.5 755.5 755.  755.  755.  755.  754.5
 754.5 754.5 754.5 754.5 754.5 754.  754.  753.5 753.5 753.  753.  753.
 752.5 752.5 752.5 752.  752.  752.  752.  752.  752.  752.  752.  752.
 752.  751.5 751.5 751.5 751.  751.  751.  751.  751.  750.5 750.5 750.
 750.  750.  750.  750.  749.5 749.5 749.5 749.5 749.  749.  749.  749.
 749.  748.5 748.5 748.5 748.5 748.5 748.5 748.  748.  748.  748.  748. ]
[824.5 800.  793.  782.5 782.5 782.5 782.5 782.  782.  782.  782.  780.5
 780.5 780.5 780.5 780.5 780.5 780.5 779.  779.  779.  778.  777.5 777.5
 777.  777.  777.  777.  777.  777.  777.  777.  777.  776.  776.  775.5
 775.  775.  774.5 774.5 774.  773.5 773.5 773.5 773.5 773.5 773.5 773.5
 773.5 773.5 773.5 773.5 773.5 773.  772.  772.  772.  771.  771.  771.
 771.  771.  770.5 770.5 770.5 770.5 770.5 770.5 770.5 770.5 770.5 770.5
 770.  770.  769.5 769.5 769.  769.  769.  768.5 768.5 768.5 768.5 768.5
 768.5 768.  768.  768.  768.  768.  768.  767.5 767.  767.  767.  767.
 767.  767.  767.  767.  767.  767.  767.  767.  767.  766.  766.  765.5
 765.  765.  765.  764.5 764.5 764.5 764.5 764.5 764.5 764.  764.  764.
 764.  764.  763.5 763.5 763.5 763.  763.  763.  763.  763.  763.  763.
 761.5 761.5 761.5 761.  761.  761.  761.  761.  761.  761.  761.  760.5
 760.5 760.5 760.5 760.  760.  760.  760.  760.  760.  760.  760.  760.
 760.  760.  760.  760.  760.  760.  760.  759.5 759.5 759.  759.  759.
 759.  759.  759.  759.  759.  759.  759.  759.  759.  758.5 758.5 758.5
 758.5 758.5 758.  758.  758.  758.  758.  758.  757.5 757.5 757.5 757.5
 757.  757.  757.  757.  757.  757.  757.  757.  757.  757.  757.  757.
 756.5 756.5 756.5 756.5 756.  756.  756.  756.  756.  756.  756.  756.
 756.  756.  756.  756.  756.  756.  755.5 755.5 755.  755.  755.  755.
 754.5 754.5 754.5 754.5 754.5 754.5 754.  754.  753.5 753.5 753.  753. ]
[824.5 800.  793.  784.5 783.  782.5 782.5 782.5 782.5 782.5 782.5 782.
 782.  782.  782.  782.  780.5 780.5 780.5 780.5 780.5 780.5 780.5 779.
 779.  779.  778.5 778.  778.  777.5 777.5 777.  777.  777.  777.  777.
 777.  777.  777.  777.  777.  776.  776.  776.  775.5 775.  775.  774.5
 774.5 774.  773.5 773.5 773.5 773.5 773.5 773.5 773.5 773.5 773.5 773.5
 773.5 773.5 773.5 773.  772.  772.  772.  772.  771.  771.  771.  771.
 771.  771.  771.  770.5 770.5 770.5 770.5 770.5 770.5 770.5 770.5 770.5
 770.5 770.5 770.5 770.  770.  769.5 769.5 769.  769.  769.  769.  769.
 768.5 768.5 768.5 768.5 768.5 768.5 768.5 768.  768.  768.  768.  768.
 768.  768.  767.5 767.  767.  767.  767.  767.  767.  767.  767.  767.
 767.  767.  767.  767.  767.  767.  767.  766.  766.  766.  766.  765.5
 765.  765.  765.  764.5 764.5 764.5 764.5 764.5 764.5 764.  764.  764.
 764.  764.  763.5 763.5 763.5 763.5 763.  763.  763.  763.  763.  763.
 763.  761.5 761.5 761.5 761.  761.  761.  761.  761.  761.  761.  761.
 761.  760.5 760.5 760.5 760.5 760.  760.  760.  760.  760.  760.  760.
 760.  760.  760.  760.  760.  760.  760.  760.  760.  760.  760.  759.5
 759.5 759.  759.  759.  759.  759.  759.  759.  759.  759.  759.  759.
 759.  759.  759.  758.5 758.5 758.5 758.5 758.5 758.5 758.5 758.  758.
 758.  758.  758.  758.  758.  758.  758.  757.5 757.5 757.5 757.5 757.
 757.  757.  757.  757.  757.  757.  757.  757.  757.  757.  757.  757. ]
[824.5 800.  793.  784.5 784.5 783.  783.  782.5 782.5 782.5 782.5 782.5
 782.5 782.  782.  782.  782.  782.  782.  782.  781.  780.5 780.5 780.5
 780.5 780.5 780.5 780.5 780.5 779.  779.  779.  778.5 778.5 778.5 778.
 778.  777.5 777.5 777.  777.  777.  777.  777.  777.  777.  777.  777.
 777.  777.  777.  777.  776.  776.  776.  776.  775.5 775.  775.  774.5
 774.5 774.  774.  774.  773.5 773.5 773.5 773.5 773.5 773.5 773.5 773.5
 773.5 773.5 773.5 773.5 773.5 773.5 773.5 773.  772.  772.  772.  772.
 772.  771.  771.  771.  771.  771.  771.  771.  771.  770.5 770.5 770.5
 770.5 770.5 770.5 770.5 770.5 770.5 770.5 770.5 770.5 770.5 770.5 770.
 770.  769.5 769.5 769.  769.  769.  769.  769.  769.  768.5 768.5 768.5
 768.5 768.5 768.5 768.5 768.  768.  768.  768.  768.  768.  768.  767.5
 767.  767.  767.  767.  767.  767.  767.  767.  767.  767.  767.  767.
 767.  767.  767.  767.  767.  767.  767.  767.  766.  766.  766.  766.
 766.  765.5 765.  765.  765.  765.  764.5 764.5 764.5 764.5 764.5 764.5
 764.  764.  764.  764.  764.  764.  764.  763.5 763.5 763.5 763.5 763.5
 763.  763.  763.  763.  763.  763.  763.  763.  761.5 761.5 761.5 761.
 761.  761.  761.  761.  761.  761.  761.  761.  761.  760.5 760.5 760.5
 760.5 760.  760.  760.  760.  760.  760.  760.  760.  760.  760.  760.
 760.  760.  760.  760.  760.  760.  760.  760.  759.5 759.5 759.5 759.5
 759.  759.  759.  759.  759.  759.  759.  759.  759.  759.  759.  759. ]
[824.5 818.  800.  793.  784.5 784.5 784.5 783.  783.  783.  782.5 782.5
 782.5 782.5 782.5 782.5 782.5 782.5 782.5 782.5 782.  782.  782.  782.
 782.  782.  782.  782.  782.  782.  781.  781.  780.5 780.5 780.5 780.5
 780.5 780.5 780.5 780.5 780.5 780.  779.  779.  779.  778.5 778.5 778.5
 778.5 778.  778.  778.  777.5 777.5 777.  777.  777.  777.  777.  777.
 777.  777.  777.  777.  777.  777.  777.  777.  777.  777.  776.  776.
 776.  776.  776.  775.5 775.  775.  775.  774.5 774.5 774.  774.  774.
 774.  773.5 773.5 773.5 773.5 773.5 773.5 773.5 773.5 773.5 773.5 773.5
 773.5 773.5 773.5 773.5 773.5 773.  772.  772.  772.  772.  772.  772.
 772.  771.5 771.  771.  771.  771.  771.  771.  771.  771.  771.  771.
 771.  770.5 770.5 770.5 770.5 770.5 770.5 770.5 770.5 770.5 770.5 770.5
 770.5 770.5 770.5 770.5 770.5 770.5 770.  770.  770.  770.  769.5 769.5
 769.  769.  769.  769.  769.  769.  768.5 768.5 768.5 768.5 768.5 768.5
 768.5 768.5 768.  768.  768.  768.  768.  768.  768.  767.5 767.  767.
 767.  767.  767.  767.  767.  767.  767.  767.  767.  767.  767.  767.
 767.  767.  767.  767.  767.  767.  767.  767.  767.  766.  766.  766.
 766.  766.  765.5 765.  765.  765.  765.  764.5 764.5 764.5 764.5 764.5
 764.5 764.5 764.  764.  764.  764.  764.  764.  764.  763.5 763.5 763.5
 763.5 763.5 763.  763.  763.  763.  763.  763.  763.  763.  763.  763.
 762.5 761.5 761.5 761.5 761.  761.  761.  761.  761.  761.  761.  761. ]
[824.5 818.  800.  793.  793.  791.  784.5 784.5 784.5 784.5 783.  783.
 783.  782.5 782.5 782.5 782.5 782.5 782.5 782.5 782.5 782.5 782.5 782.5
 782.5 782.5 782.  782.  782.  782.  782.  782.  782.  782.  782.  782.
 782.  782.  782.  782.  782.  782.  782.  781.  781.  781.  780.5 780.5
 780.5 780.5 780.5 780.5 780.5 780.5 780.5 780.5 780.5 780.  779.  779.
 779.  779.  778.5 778.5 778.5 778.5 778.5 778.  778.  778.  778.  777.5
 777.5 777.  777.  777.  777.  777.  777.  777.  777.  777.  777.  777.
 777.  777.  777.  777.  777.  777.  777.  777.  776.  776.  776.  776.
 776.  776.  776.  775.5 775.  775.  775.  774.5 774.5 774.  774.  774.
 774.  774.  774.  773.5 773.5 773.5 773.5 773.5 773.5 773.5 773.5 773.5
 773.5 773.5 773.5 773.5 773.5 773.5 773.5 773.5 773.5 773.5 773.  772.
 772.  772.  772.  772.  772.  772.  771.5 771.5 771.  771.  771.  771.
 771.  771.  771.  771.  771.  771.  771.  771.  770.5 770.5 770.5 770.5
 770.5 770.5 770.5 770.5 770.5 770.5 770.5 770.5 770.5 770.5 770.5 770.5
 770.5 770.  770.  770.  770.  769.5 769.5 769.5 769.5 769.  769.  769.
 769.  769.  769.  768.5 768.5 768.5 768.5 768.5 768.5 768.5 768.5 768.
 768.  768.  768.  768.  768.  768.  767.5 767.5 767.  767.  767.  767.
 767.  767.  767.  767.  767.  767.  767.  767.  767.  767.  767.  767.
 767.  767.  767.  767.  767.  767.  767.  766.  766.  766.  766.  766.
 765.5 765.  765.  765.  765.  764.5 764.5 764.5 764.5 764.5 764.5 764.5]
[824.5 818.  818.  800.  800.  793.  793.  793.  793.  793.  791.  784.5
 784.5 784.5 784.5 784.5 784.5 784.5 783.  783.  783.  783.  782.5 782.5
 782.5 782.5 782.5 782.5 782.5 782.5 782.5 782.5 782.5 782.5 782.5 782.5
 782.5 782.5 782.5 782.  782.  782.  782.  782.  782.  782.  782.  782.
 782.  782.  782.  782.  782.  782.  782.  782.  782.  782.  782.  782.
 782.  782.  782.  782.  781.  781.  781.  780.5 780.5 780.5 780.5 780.5
 780.5 780.5 780.5 780.5 780.5 780.5 780.5 780.  779.  779.  779.  779.
 778.5 778.5 778.5 778.5 778.5 778.5 778.  778.  778.  778.  778.  778.
 777.5 777.5 777.  777.  777.  777.  777.  777.  777.  777.  777.  777.
 777.  777.  777.  777.  777.  777.  777.  777.  777.  777.  777.  777.
 776.  776.  776.  776.  776.  776.  776.  776.  775.5 775.5 775.5 775.
 775.  775.  775.  774.5 774.5 774.5 774.  774.  774.  774.  774.  774.
 774.  773.5 773.5 773.5 773.5 773.5 773.5 773.5 773.5 773.5 773.5 773.5
 773.5 773.5 773.5 773.5 773.5 773.5 773.5 773.5 773.  772.5 772.  772.
 772.  772.  772.  772.  772.  771.5 771.5 771.5 771.  771.  771.  771.
 771.  771.  771.  771.  771.  771.  771.  771.  770.5 770.5 770.5 770.5
 770.5 770.5 770.5 770.5 770.5 770.5 770.5 770.5 770.5 770.5 770.5 770.5
 770.5 770.5 770.  770.  770.  770.  769.5 769.5 769.5 769.5 769.  769.
 769.  769.  769.  769.  769.  768.5 768.5 768.5 768.5 768.5 768.5 768.5
 768.5 768.  768.  768.  768.  768.  768.  768.  767.5 767.5 767.  767. ]
