[696.  703.5 652.  752.  720.  319.  681.5 707.5 340.5 662.5 664.  615.5
 603.  676.5 712.5 661.  644.5 411.5 737.5 411.  706.  746.5 742.  725.
 663.5 266.5 773.5 724.5 734.  651.5 733.  724.  754.  665.5 496.5 648.
 760.5 719.  612.  728. ]
[827.  776.  773.5 760.5 757.  754.  752.  751.  748.  746.5 742.  739.5
 737.5 734.  733.  731.  730.5 729.  728.  728.  725.  724.5 724.  720.
 720.  719.  718.  716.  712.5 707.5 706.  703.5 701.  697.  696.  681.5
 678.5 676.5 665.5 664. ]
[827.  776.  773.5 760.5 757.  754.  752.  751.  748.  748.  746.5 742.
 739.5 737.5 736.  734.  733.  732.  731.  731.  730.5 730.  729.  728.
 728.  725.  725.  724.5 724.  724.  720.  720.  720.  719.  719.  718.
 716.  714.  712.5 708.5]
[827.  784.5 776.  773.5 760.5 759.  758.5 757.5 757.  757.  754.  752.
 752.  751.  751.  748.  748.  746.5 743.  742.  739.5 737.5 736.  736.
 734.  733.  733.  732.  731.  731.  730.5 730.  729.  728.  728.  725.
 725.  725.  724.5 724. ]
[827.  798.  791.5 784.5 784.5 780.  777.  776.  774.5 773.5 763.5 760.5
 759.  758.5 758.5 757.5 757.  757.  757.  754.  752.  752.  752.  751.
 751.  749.  748.  748.  748.  748.  746.5 743.  743.  742.  739.5 737.5
 737.5 736.  736.  734. ]
[827.  827.  798.  791.5 784.5 784.5 780.  779.5 777.  776.  774.5 774.
 773.5 769.  769.  767.  766.  763.5 760.5 759.  759.  758.5 758.5 757.5
 757.  757.  757.  754.  752.  752.  752.  751.  751.  749.  748.  748.
 748.  748.  746.5 745. ]
[827.  827.  798.  798.  791.5 784.5 784.5 780.  780.  779.5 777.  776.
 776.  775.  774.5 774.  773.5 769.  769.  769.  767.  766.  766.  766.
 763.5 760.5 760.  759.  759.  758.5 758.5 758.5 757.5 757.  757.  757.
 754.  754.  752.  752. ]
[827.  827.  827.  827.  813.  799.  798.  798.  794.  791.5 791.5 784.5
 784.5 780.  780.  780.  779.5 777.  776.  776.  775.  775.  775.  774.5
 774.  773.5 773.5 769.  769.  769.  769.  767.  766.  766.  766.  766.
 766.  763.5 760.5 760. ]
