[708.  718.5 672.  728.  734.  307.  669.5 708.5 348.5 692.5 669.  660.5
 596.  685.5 738.5 656.  632.5 410.5 743.5 407.  681.  731.5 748.  754.
 677.5 269.5 755.5 704.5 748.  673.5 740.  704.  765.  696.5 500.5 635.
 741.5 702.  616.  740.  734.  701.5 521.  666.5 236.5 453.  656.  254.5
 609.5 443.5 720.  415.5 547.  688.5 713.  748.  748.  759.  688.5 580.5
 245.  695.  727.5 616.  713.5 731.  583.5 722.5 616.  729.  752.5 699.
 313.5 739.  716.  723.5 711.5 573.  469.  544.5 736.  375.  735.  768.
 638.  553.5 735.  741.5 674.  668.5 526.5 727.  752.5 761.5 685.5 733.5
 461.  678.5 589.5 724.  718.  785.  703.  736.  754.  792.  761.  756.
 547.  749.  733.5 699.  489.  598.  592.  773.  734.5 781.5 380.5 626.
 613.5 273.  312.5 748.5 768.  166.  178.  748.5 726.5 747.5 429.  682.
 203.5 735.5 472.  718.5 360.5 493.5 713.  630.5 735.  729.  732.  381.5
 433.  453.  592.  728.  549.5 725.5 362.  344.  568.5 330.  709.5 697.
 189.5 632.5 405.5 335.  719.5 738.5 761.5 646.5 386.5 551.  325.5 738.5
 735.5 714.5 750.5 734.  738.5 751.  744.  726.  728.5 715.5 734.  619.5
 721.5 467.  494.  596.  706.  495.5 740.5 649.5 653.  747.  440.5 733.5
 434.  735.  324.5 433.  554.  715.  742.  696.  683.  545.5 706.  651.
 492.  746.5 729.  382.5 556.5 357.5 693.5 662.5 628.5 719.5 711.  727.
 451.  443.  298.  553.5 668.5 703.  595.  585.  416.5 600.5 570.5 225.5
 335.  651.  645.5 608.  628.5 716.5 668.5 733.5 660.  445.  270.5 707.
 446.  710.  709.  691.5 539.5 606.5 739.  731.5 498.5 741.5 533.5 721.
 365.  671.5 753.  569.5 613.  724.5 538.  620.  651.  749.  411.5 560.5
 111.  637.5 261.5 292.5 748.  567.5 734.  409.5 717.5 704.5 711.5 203.5
 439.  501.  669.5 732.5 726.5 742.5 383.5 693.5 655.  716.  706.5 666.5
 290.5 708.5 728.5 430.5 699.5 628.5 729.5 755.5 430.5 477.  317.5 682.
 722.5 691.  708.5 469.  424.5 698.  569.  623.  567.5 718.5 713.  293.
 337.5 627.  617.5 721.5 650.  355.5 730.  714. ]
[792.  785.  781.5 774.  773.  773.  773.  768.  768.  768.  766.5 766.
 766.  765.  765.  761.5 761.5 761.  760.  759.5 759.  759.  759.  758.
 757.5 756.5 756.  755.5 755.5 755.5 755.  755.  754.  754.  754.  754.
 753.  753.  752.5 752.5 752.5 752.5 751.  750.5 750.  750.  750.  749.
 749.  749.  748.5 748.5 748.5 748.  748.  748.  748.  748.  748.  748.
 747.5 747.5 747.  747.  746.5 746.5 746.  744.  743.5 743.5 743.5 743.5
 743.5 743.  743.  743.  742.5 742.5 742.  741.5 741.5 741.5 741.5 741.
 741.  740.5 740.  740.  740.  739.  739.  739.  739.  738.5 738.5 738.5
 738.5 738.5 738.  736.  736.  736.  736.  735.5 735.5 735.  735.  735.
 735.  735.  735.  735.  735.  735.  735.  735.  735.  735.  734.5 734.
 734.  734.  734.  734.  734.  734.  734.  733.5 733.5 733.5 733.5 733.5
 733.5 733.5 733.5 732.5 732.  732.  731.5 731.5 731.  731.  731.  730.
 730.  729.5 729.  729.  729.  728.5 728.5 728.5 728.5 728.  728.  728.
 728.  727.5 727.5 727.  727.  727.  727.  726.5 726.5 726.  726.  725.5
 725.5 725.5 725.  724.5 724.5 724.  724.  724.  723.5 723.5 723.  722.5
 722.5 722.5 722.5 722.5 722.  722.  722.  721.5 721.5 721.  721.  720.5
 720.  720.  719.5 719.5 718.5 718.5 718.5 718.5 718.5 718.  718.  717.5
 716.5 716.5 716.5 716.  716.  716.  715.5 715.  714.5 714.5 714.  714.
 713.5 713.  713.  713.  713.  712.5 712.  711.5 711.5 711.5 711.  711.
 710.  709.5 709.  709.  708.5 708.5 708.5 708.5 708.  707.  707.  706.5
 706.  706.  706.  706.  705.  704.5 704.5 704.  704.  703.  703.  702.
 702.  701.5 701.5 701.5 701.  699.5 699.  699.  698.  698.  698.  697.
 697.  696.5 696.  695.5 695.  694.  693.5 693.5 692.5 691.5 691.  689.5
 689.  688.5 688.5 687.5 685.5 685.5 685.5 684.  683.  682.  682.  681.
 678.5 677.5 676.  674.5 674.5 674.  673.5 672.  672.  671.5 669.5 669.5
 669.  668.5 668.5 668.5 667.  666.5 666.5 666.  665.  662.5 660.5 660.
 659.  656.  656.  656.  655.  653.  651.  651. ]
[792.  792.  785.  783.  781.5 774.5 774.  773.5 773.  773.  773.  773.
 771.5 771.5 769.  768.  768.  768.  768.  766.5 766.5 766.  766.  766.
 765.  765.  765.  762.  761.5 761.5 761.5 761.5 761.  760.  760.  759.5
 759.5 759.5 759.  759.  759.  758.  757.5 757.5 756.5 756.  755.5 755.5
 755.5 755.  755.  755.  754.5 754.  754.  754.  754.  754.  753.  753.
 753.  752.5 752.5 752.5 752.5 752.5 752.5 751.5 751.  751.  751.  750.5
 750.5 750.5 750.  750.  750.  750.  750.  749.  749.  749.  749.  748.5
 748.5 748.5 748.  748.  748.  748.  748.  748.  748.  748.  748.  748.
 747.5 747.5 747.  747.  746.5 746.5 746.5 746.  746.  746.  745.5 745.
 744.5 744.  744.  744.  744.  743.5 743.5 743.5 743.5 743.5 743.5 743.5
 743.  743.  743.  743.  743.  742.5 742.5 742.5 742.  742.  742.  742.
 741.5 741.5 741.5 741.5 741.5 741.  741.  740.5 740.  740.  740.  740.
 740.  740.  740.  740.  739.  739.  739.  739.  739.  738.5 738.5 738.5
 738.5 738.5 738.5 738.  738.  736.5 736.5 736.  736.  736.  736.  736.
 735.5 735.5 735.5 735.  735.  735.  735.  735.  735.  735.  735.  735.
 735.  735.  735.  735.  735.  735.  735.  735.  734.5 734.  734.  734.
 734.  734.  734.  734.  734.  734.  734.  734.  733.5 733.5 733.5 733.5
 733.5 733.5 733.5 733.5 732.5 732.  732.  731.5 731.5 731.5 731.5 731.
 731.  731.  731.  731.  731.  731.  731.  730.  730.  730.  730.  729.5
 729.5 729.5 729.5 729.  729.  729.  729.  729.  728.5 728.5 728.5 728.5
 728.5 728.  728.  728.  728.  727.5 727.5 727.5 727.  727.  727.  727.
 727.  727.  727.  726.5 726.5 726.5 726.  726.  726.  726.  725.5 725.5
 725.5 725.5 725.5 725.  725.  725.  725.  724.5 724.5 724.  724.  724.
 724.  724.  724.  723.5 723.5 723.5 723.  722.5 722.5 722.5 722.5 722.5
 722.  722.  722.  722.  722.  722.  721.5 721.5 721.5 721.5 721.  721.
 721.  720.5 720.5 720.  720.  720.  720.  719.5 719.5 718.5 718.5 718.5
 718.5 718.5 718.  718.  718.  718.  718.  718. ]
[792.  792.  792.  792.  785.  785.  783.  783.  781.5 781.5 781.5 781.
 774.5 774.  774.  773.5 773.5 773.  773.  773.  773.  771.5 771.5 769.
 768.  768.  768.  768.  768.  768.  766.5 766.5 766.  766.  766.  765.
 765.  765.  765.  764.  762.  761.5 761.5 761.5 761.5 761.  761.  760.
 760.  760.  760.  759.5 759.5 759.5 759.5 759.  759.  759.  759.  758.5
 758.5 758.  758.  758.  757.5 757.5 756.5 756.5 756.  755.5 755.5 755.5
 755.5 755.  755.  755.  755.  755.  755.  755.  755.  754.5 754.  754.
 754.  754.  754.  754.  753.5 753.5 753.  753.  753.  752.5 752.5 752.5
 752.5 752.5 752.5 752.5 752.5 752.5 752.  751.5 751.  751.  751.  751.
 751.  751.  751.  750.5 750.5 750.5 750.5 750.  750.  750.  750.  750.
 750.  750.  749.  749.  749.  749.  749.  748.5 748.5 748.5 748.5 748.
 748.  748.  748.  748.  748.  748.  748.  748.  748.  748.  748.  747.5
 747.5 747.5 747.  747.  747.  746.5 746.5 746.5 746.5 746.  746.  746.
 746.  746.  745.5 745.  744.5 744.  744.  744.  744.  744.  744.  744.
 744.  744.  744.  744.  744.  744.  743.5 743.5 743.5 743.5 743.5 743.5
 743.5 743.5 743.5 743.  743.  743.  743.  743.  743.  743.  743.  743.
 742.5 742.5 742.5 742.5 742.  742.  742.  742.  742.  742.  742.  742.
 741.5 741.5 741.5 741.5 741.5 741.5 741.5 741.  741.  741.  740.5 740.
 740.  740.  740.  740.  740.  740.  740.  740.  740.  739.5 739.  739.
 739.  739.  739.  738.5 738.5 738.5 738.5 738.5 738.5 738.  738.  737.
 736.5 736.5 736.  736.  736.  736.  736.  736.  735.5 735.5 735.5 735.5
 735.  735.  735.  735.  735.  735.  735.  735.  735.  735.  735.  735.
 735.  735.  735.  735.  735.  735.  735.  734.5 734.5 734.  734.  734.
 734.  734.  734.  734.  734.  734.  734.  734.  734.  734.  734.  734.
 733.5 733.5 733.5 733.5 733.5 733.5 733.5 733.5 733.5 733.5 733.  733.
 732.5 732.  732.  732.  731.5 731.5 731.5 731.5 731.  731.  731.  731.
 731.  731.  731.  731.  731.  731.  730.5 730.5]
[792.  792.  792.  792.  792.  785.  785.  785.  783.  783.  783.  781.5
 781.5 781.5 781.5 781.5 781.  775.  774.5 774.  774.  774.  773.5 773.5
 773.5 773.  773.  773.  773.  772.  771.5 771.5 771.5 769.  769.  768.
 768.  768.  768.  768.  768.  766.5 766.5 766.5 766.5 766.  766.  766.
 766.  766.  766.  765.  765.  765.  765.  765.  764.  764.  764.  762.
 761.5 761.5 761.5 761.5 761.5 761.5 761.  761.  761.  760.5 760.  760.
 760.  760.  760.  759.5 759.5 759.5 759.5 759.5 759.  759.  759.  759.
 759.  758.5 758.5 758.  758.  758.  757.5 757.5 757.  757.  756.5 756.5
 756.5 756.5 756.  756.  756.  755.5 755.5 755.5 755.5 755.5 755.5 755.
 755.  755.  755.  755.  755.  755.  755.  755.  755.  755.  755.  754.5
 754.5 754.  754.  754.  754.  754.  754.  753.5 753.5 753.5 753.5 753.
 753.  753.  752.5 752.5 752.5 752.5 752.5 752.5 752.5 752.5 752.5 752.5
 752.5 752.5 752.5 752.5 752.  751.5 751.5 751.  751.  751.  751.  751.
 751.  751.  750.5 750.5 750.5 750.5 750.5 750.5 750.5 750.  750.  750.
 750.  750.  750.  750.  750.  749.  749.  749.  749.  749.  749.  748.5
 748.5 748.5 748.5 748.  748.  748.  748.  748.  748.  748.  748.  748.
 748.  748.  748.  748.  747.5 747.5 747.5 747.  747.  747.  747.  746.5
 746.5 746.5 746.5 746.5 746.5 746.  746.  746.  746.  746.  746.  746.
 745.5 745.  744.5 744.  744.  744.  744.  744.  744.  744.  744.  744.
 744.  744.  744.  744.  743.5 743.5 743.5 743.5 743.5 743.5 743.5 743.5
 743.5 743.5 743.5 743.5 743.  743.  743.  743.  743.  743.  743.  743.
 743.  743.  742.5 742.5 742.5 742.5 742.  742.  742.  742.  742.  742.
 742.  742.  742.  742.  741.5 741.5 741.5 741.5 741.5 741.5 741.5 741.5
 741.5 741.  741.  741.  741.  741.  741.  740.5 740.5 740.  740.  740.
 740.  740.  740.  740.  740.  740.  740.  740.  740.  740.  739.5 739.5
 739.5 739.  739.  739.  739.  739.  739.  739.  738.5 738.5 738.5 738.5
 738.5 738.5 738.5 738.  738.  738.  737.  737. ]
[792.  792.  792.  792.  792.  792.  792.  792.  785.  785.  785.  783.
 783.  783.  783.  781.5 781.5 781.5 781.5 781.5 781.5 781.5 781.  775.
 775.  774.5 774.  774.  774.  774.  774.  773.5 773.5 773.5 773.  773.
 773.  773.  773.  772.  772.  771.5 771.5 771.5 769.  769.  768.  768.
 768.  768.  768.  768.  766.5 766.5 766.5 766.5 766.5 766.  766.  766.
 766.  766.  766.  766.  765.  765.  765.  765.  765.  765.  764.  764.
 764.  762.5 762.  762.  761.5 761.5 761.5 761.5 761.5 761.5 761.5 761.5
 761.  761.  761.  761.  761.  760.5 760.5 760.  760.  760.  760.  760.
 760.  759.5 759.5 759.5 759.5 759.5 759.  759.  759.  759.  759.  759.
 759.  759.  758.5 758.5 758.5 758.  758.  758.  757.5 757.5 757.  757.
 757.  756.5 756.5 756.5 756.5 756.  756.  756.  755.5 755.5 755.5 755.5
 755.5 755.5 755.5 755.  755.  755.  755.  755.  755.  755.  755.  755.
 755.  755.  755.  755.  755.  754.5 754.5 754.5 754.5 754.  754.  754.
 754.  754.  754.  754.  753.5 753.5 753.5 753.5 753.  753.  753.  753.
 753.  752.5 752.5 752.5 752.5 752.5 752.5 752.5 752.5 752.5 752.5 752.5
 752.5 752.5 752.5 752.5 752.5 752.  751.5 751.5 751.5 751.  751.  751.
 751.  751.  751.  751.  751.  751.  751.  751.  750.5 750.5 750.5 750.5
 750.5 750.5 750.5 750.  750.  750.  750.  750.  750.  750.  750.  749.5
 749.  749.  749.  749.  749.  749.  749.  748.5 748.5 748.5 748.5 748.
 748.  748.  748.  748.  748.  748.  748.  748.  748.  748.  748.  748.
 748.  748.  748.  748.  747.5 747.5 747.5 747.  747.  747.  747.  747.
 746.5 746.5 746.5 746.5 746.5 746.5 746.5 746.5 746.  746.  746.  746.
 746.  746.  746.  746.  745.5 745.5 745.  744.5 744.  744.  744.  744.
 744.  744.  744.  744.  744.  744.  744.  744.  744.  744.  744.  743.5
 743.5 743.5 743.5 743.5 743.5 743.5 743.5 743.5 743.5 743.5 743.5 743.
 743.  743.  743.  743.  743.  743.  743.  743.  743.  743.  742.5 742.5
 742.5 742.5 742.  742.  742.  742.  742.  742. ]
[792.  792.  792.  792.  792.  792.  792.  792.  792.  792.  792.  792.
 790.  786.  785.  785.  785.  785.  783.  783.  783.  783.  783.  783.
 783.  781.5 781.5 781.5 781.5 781.5 781.5 781.5 781.5 781.5 781.  780.
 779.  778.5 775.  775.  775.  775.  774.5 774.  774.  774.  774.  774.
 774.  774.  773.5 773.5 773.5 773.5 773.5 773.  773.  773.  773.  773.
 773.  772.5 772.  772.  772.  772.  772.  771.5 771.5 771.5 771.5 771.5
 770.  769.  769.  768.  768.  768.  768.  768.  768.  768.  768.  766.5
 766.5 766.5 766.5 766.5 766.5 766.  766.  766.  766.  766.  766.  766.
 766.  765.  765.  765.  765.  765.  765.  764.  764.  764.  763.  762.5
 762.  762.  762.  761.5 761.5 761.5 761.5 761.5 761.5 761.5 761.5 761.
 761.  761.  761.  761.  761.  761.  760.5 760.5 760.5 760.5 760.5 760.5
 760.5 760.  760.  760.  760.  760.  760.  760.  759.5 759.5 759.5 759.5
 759.5 759.  759.  759.  759.  759.  759.  759.  759.  759.  759.  759.
 759.  758.5 758.5 758.5 758.5 758.5 758.  758.  758.  758.  757.5 757.5
 757.5 757.  757.  757.  757.  756.5 756.5 756.5 756.5 756.5 756.  756.
 756.  756.  756.  755.5 755.5 755.5 755.5 755.5 755.5 755.5 755.  755.
 755.  755.  755.  755.  755.  755.  755.  755.  755.  755.  755.  755.
 755.  755.  755.  754.5 754.5 754.5 754.5 754.  754.  754.  754.  754.
 754.  754.  754.  754.  753.5 753.5 753.5 753.5 753.5 753.  753.  753.
 753.  753.  753.  753.  752.5 752.5 752.5 752.5 752.5 752.5 752.5 752.5
 752.5 752.5 752.5 752.5 752.5 752.5 752.5 752.5 752.5 752.  752.  752.
 751.5 751.5 751.5 751.  751.  751.  751.  751.  751.  751.  751.  751.
 751.  751.  750.5 750.5 750.5 750.5 750.5 750.5 750.5 750.  750.  750.
 750.  750.  750.  750.  750.  750.  750.  749.5 749.  749.  749.  749.
 749.  749.  749.  749.  748.5 748.5 748.5 748.5 748.5 748.5 748.5 748.
 748.  748.  748.  748.  748.  748.  748.  748.  748.  748.  748.  748.
 748.  748.  748.  748.  748.  747.5 747.5 747.5]
