[687.  725.  506.  659.  783.5 712.  770.  642.  508.5 511.  653.  683.5
 302.  640.  650.5 451.  602.  642.  660.5 690.5 610.  709.  681.  511.5
 705.5 667.5 289.5 202.5 686.  702.5 735.  746.  356.  269.  403.5 647.
 750.  668.5 547.5 677.5 688.5 422.  699.  595.  534.5 662.  731.  697.5
 512.5 428.5 403.  748.  611.5 608.  707.5 488.5 383.  507.  649.  388.
 215.  501.5 722.5 696.5 513.5 533.5 354.  739.5 696.5 264.  712.  728.5
 780.  705.5 763.5 728.5 708.5 691.  514.5 545.  565.  652.  668.5 710.5
 474.  715.5 481.  729.  365.5 382.  592.5 453.5 757.  326.  747.5 721.5
 722.5 739.  759.5 652.5 484.5 614.  620.  586.5 623.  718.5 708.  736.5
 474.  539.5 670.  685.5 396.5 564.  464.5 564.  682.5 725.5 516.5 487.5]
