[0, -3, 10.47197551196598]
[1, -3, 10.47197551196598]
[0, -2, 10.47197551196598]
[1, -2, 10.47197551196598]
[0, -3, 10.47197551196598]
[1, -3, 10.47197551196598]
[0, -2, 10.47197551196598]
[1, -2, 10.47197551196598]
[0, -3, 10.47197551196598]
[1, -3, 10.47197551196598]
[0, -2, 10.47197551196598]
[1, -2, 10.47197551196598]
[0, -3, 10.47197551196598]
[1, -3, 10.47197551196598]
[0, -2, 10.47197551196598]
[1, -2, 10.47197551196598]
[0, -3, 10.47197551196598]
[1, -3, 10.47197551196598]
[0, -2, 10.47197551196598]
[1, -2, 10.47197551196598]
[0, -3, 10.47197551196598]
[1, -3, 10.47197551196598]
[0, -2, 10.47197551196598]
[1, -2, 10.47197551196598]
[0, -3, 10.47197551196598]
[1, -3, 10.47197551196598]
[0, -2, 10.47197551196598]
[1, -2, 10.47197551196598]
[0, -3, 10.47197551196598]
[1, -3, 10.47197551196598]
[0, -2, 10.47197551196598]
[1, -2, 10.47197551196598]
[0, -3, 10.47197551196598]
[1, -3, 10.47197551196598]
[0, -2, 10.47197551196598]
[1, -2, 10.47197551196598]
[0, -3, 10.47197551196598]
[1, -3, 10.47197551196598]
[0, -2, 10.47197551196598]
[1, -2, 10.47197551196598]
[2, -5, 10.471975511965978]
[0, -2, 10.47197551196598]
[2, -4, 10.471975511965978]
[1, -2, 10.47197551196598]
[2, -5, 10.471975511965978]
[0, -1, 3.4522996193294437]
[2, -4, 10.471975511965978]
[1, -1, 3.4522996193294437]
[2, -5, 10.471975511965978]
[0, -2, 10.47197551196598]
[2, -4, 10.471975511965978]
[1, -2, 10.47197551196598]
[2, -5, 10.471975511965978]
[0, -1, 3.4522996193294437]
[2, -4, 10.471975511965978]
[1, -1, 3.4522996193294437]
[2, -5, 10.471975511965978]
[0, -2, 10.47197551196598]
[2, -4, 10.471975511965978]
[1, -2, 10.47197551196598]
[2, -5, 10.471975511965978]
[0, -1, 3.4522996193294437]
[2, -4, 10.471975511965978]
[1, -1, 3.4522996193294437]
[2, -5, 10.471975511965978]
[0, -2, 10.47197551196598]
[2, -4, 10.471975511965978]
[1, -2, 10.47197551196598]
[2, -5, 10.471975511965978]
[0, -1, 3.4522996193294437]
[2, -4, 10.471975511965978]
[1, -1, 3.4522996193294437]
[2, -5, 10.471975511965978]
[0, -2, 10.47197551196598]
[2, -4, 10.471975511965978]
[1, -2, 10.47197551196598]
[2, -5, 10.471975511965978]
[0, -1, 3.4522996193294437]
[2, -4, 10.471975511965978]
[1, -1, 3.4522996193294437]
[2, -4, 10.471975511965978]
[0, -2, 10.47197551196598]
[2, -3, 20.943951023931955]
[1, -2, 10.47197551196598]
[2, -4, 10.471975511965978]
[0, -1, 3.4522996193294437]
[2, -3, 20.943951023931955]
[1, -1, 3.4522996193294437]
[2, -4, 10.471975511965978]
[0, -2, 10.47197551196598]
[2, -3, 20.943951023931955]
[1, -2, 10.47197551196598]
[2, -4, 10.471975511965978]
[0, -1, 3.4522996193294437]
[2, -3, 20.943951023931955]
[1, -1, 3.4522996193294437]
[2, -4, 10.471975511965978]
[0, -2, 10.47197551196598]
[2, -3, 20.943951023931955]
[1, -2, 10.47197551196598]
[2, -4, 10.471975511965978]
[0, -1, 3.4522996193294437]
[2, -3, 20.943951023931955]
[1, -1, 3.4522996193294437]
[2, -4, 10.471975511965978]
[0, -2, 10.47197551196598]
[2, -3, 20.943951023931955]
[1, -2, 10.47197551196598]
[2, -4, 10.471975511965978]
[0, -1, 3.4522996193294437]
[2, -3, 20.943951023931955]
[1, -1, 3.4522996193294437]
[2, -4, 10.471975511965978]
[0, -2, 10.47197551196598]
[2, -3, 20.943951023931955]
[1, -2, 10.47197551196598]
[2, -4, 10.471975511965978]
[0, -1, 3.4522996193294437]
[2, -3, 20.943951023931955]
[1, -1, 3.4522996193294437]
[2, -3, 20.943951023931955]
[0, -2, 10.47197551196598]
[2, -2, 20.943951023931955]
[1, -2, 10.47197551196598]
[2, -3, 20.943951023931955]
[0, -1, 3.4522996193294437]
[2, -2, 20.943951023931955]
[1, -1, 3.4522996193294437]
[2, -3, 20.943951023931955]
[0, -2, 10.47197551196598]
[2, -2, 20.943951023931955]
[1, -2, 10.47197551196598]
[2, -3, 20.943951023931955]
[0, -1, 3.4522996193294437]
[2, -2, 20.943951023931955]
[1, -1, 3.4522996193294437]
[2, -3, 20.943951023931955]
[0, -2, 10.47197551196598]
[2, -2, 20.943951023931955]
[1, -2, 10.47197551196598]
[2, -3, 20.943951023931955]
[0, -1, 3.4522996193294437]
[2, -2, 20.943951023931955]
[1, -1, 3.4522996193294437]
[2, -3, 20.943951023931955]
[0, -2, 10.47197551196598]
[2, -2, 20.943951023931955]
[1, -2, 10.47197551196598]
[2, -3, 20.943951023931955]
[0, -1, 3.4522996193294437]
[2, -2, 20.943951023931955]
[1, -1, 3.4522996193294437]
[2, -3, 20.943951023931955]
[0, -2, 10.47197551196598]
[2, -2, 20.943951023931955]
[1, -2, 10.47197551196598]
[2, -3, 20.943951023931955]
[0, -1, 3.4522996193294437]
[2, -2, 20.943951023931955]
[1, -1, 3.4522996193294437]
[2, -3, 20.943951023931955]
[0, -2, 10.47197551196598]
[2, -2, 20.943951023931955]
[1, -2, 10.47197551196598]
[2, -3, 20.943951023931955]
[0, -1, 3.4522996193294437]
[2, -2, 20.943951023931955]
[1, -1, 3.4522996193294437]
[2, -3, 20.943951023931955]
[0, -2, 10.47197551196598]
[2, -2, 20.943951023931955]
[1, -2, 10.47197551196598]
[2, -3, 20.943951023931955]
[0, -1, 3.4522996193294437]
[2, -2, 20.943951023931955]
[1, -1, 3.4522996193294437]
[2, -3, 20.943951023931955]
[0, -2, 10.47197551196598]
[2, -2, 20.943951023931955]
[1, -2, 10.47197551196598]
[2, -3, 20.943951023931955]
[0, -1, 3.4522996193294437]
[2, -2, 20.943951023931955]
[1, -1, 3.4522996193294437]
[2, -3, 20.943951023931955]
[0, -2, 10.47197551196598]
[2, -2, 20.943951023931955]
[1, -2, 10.47197551196598]
[2, -3, 20.943951023931955]
[0, -1, 3.4522996193294437]
[2, -2, 20.943951023931955]
[1, -1, 3.4522996193294437]
[2, -3, 20.943951023931955]
[0, -2, 10.47197551196598]
[2, -2, 20.943951023931955]
[1, -2, 10.47197551196598]
[2, -3, 20.943951023931955]
[0, -1, 3.4522996193294437]
[2, -2, 20.943951023931955]
[1, -1, 3.4522996193294437]
[2, -2, 20.943951023931955]
[0, -2, 10.47197551196598]
[2, -1, 20.943951023931955]
[1, -2, 10.47197551196598]
[2, -2, 20.943951023931955]
[0, -1, 3.4522996193294437]
[2, -1, 20.943951023931955]
[1, -1, 3.4522996193294437]
[2, -2, 20.943951023931955]
[0, -2, 10.47197551196598]
[2, -1, 20.943951023931955]
[1, -2, 10.47197551196598]
[2, -2, 20.943951023931955]
[0, -1, 3.4522996193294437]
[2, -1, 20.943951023931955]
[1, -1, 3.4522996193294437]
[2, -2, 20.943951023931955]
[0, -2, 10.47197551196598]
[2, -1, 20.943951023931955]
[1, -2, 10.47197551196598]
[2, -2, 20.943951023931955]
[0, -1, 3.4522996193294437]
[2, -1, 20.943951023931955]
[1, -1, 3.4522996193294437]
[2, -2, 20.943951023931955]
[0, -2, 10.47197551196598]
[2, -1, 20.943951023931955]
[1, -2, 10.47197551196598]
[2, -2, 20.943951023931955]
[0, -1, 3.4522996193294437]
[2, -1, 20.943951023931955]
[1, -1, 3.4522996193294437]
[2, -2, 20.943951023931955]
[0, -2, 10.47197551196598]
[2, -1, 20.943951023931955]
[1, -2, 10.47197551196598]
[2, -2, 20.943951023931955]
[0, -1, 3.4522996193294437]
[2, -1, 20.943951023931955]
[1, -1, 3.4522996193294437]
[2, -2, 20.943951023931955]
[0, -2, 10.47197551196598]
[2, -1, 20.943951023931955]
[1, -2, 10.47197551196598]
[2, -2, 20.943951023931955]
[0, -1, 3.4522996193294437]
[2, -1, 20.943951023931955]
[1, -1, 3.4522996193294437]
[2, -2, 20.943951023931955]
[0, -2, 10.47197551196598]
[2, -1, 20.943951023931955]
[1, -2, 10.47197551196598]
[2, -2, 20.943951023931955]
[0, -1, 3.4522996193294437]
[2, -1, 20.943951023931955]
[1, -1, 3.4522996193294437]
[2, -2, 20.943951023931955]
[0, -2, 10.47197551196598]
[2, -1, 20.943951023931955]
[1, -2, 10.47197551196598]
[2, -2, 20.943951023931955]
[0, -1, 3.4522996193294437]
[2, -1, 20.943951023931955]
[1, -1, 3.4522996193294437]
[2, -2, 20.943951023931955]
[0, -2, 10.47197551196598]
[2, -1, 20.943951023931955]
[1, -2, 10.47197551196598]
[2, -2, 20.943951023931955]
[0, -1, 3.4522996193294437]
[2, -1, 20.943951023931955]
[1, -1, 3.4522996193294437]
[2, -2, 20.943951023931955]
[0, -2, 10.47197551196598]
[2, -1, 20.943951023931955]
[1, -2, 10.47197551196598]
[2, -2, 20.943951023931955]
[0, -1, 3.4522996193294437]
[2, -1, 20.943951023931955]
[1, -1, 3.4522996193294437]
