[674.  729.5 689.  716.  718.  317.  649.5 707.5 332.5 689.5 691.  635.5
 596.  673.5 739.5 661.  642.5 427.5 736.5 418.  683.  725.5 760.  740.
 701.5 230.5 778.5 744.5 741.  645.5 728.  721.  745.  676.5 486.5 645.
 763.5 711.  600.  737.  752.  736.5 504.  689.5 236.5 447.  691.  248.5
 611.5 465.5 728.  426.5 538.  697.5 727.  745.  713.  734.  695.5 561.5
 252.  717.  723.5 654.  714.5 746.  589.5 723.5 603.  755.  742.5 727.
 287.5 703.  688.  707.5 690.5 606.  484.  562.5]
[778.5 763.5 760.5 760.  755.  755.  752.  750.  746.  746.  745.5 745.
 745.  745.  744.5 742.5 741.  740.  739.5 738.  737.  736.5 736.5 736.5
 734.  734.  731.5 730.5 730.  729.5 729.  728.  728.  727.  727.  726.
 725.5 723.5 723.5 721.  718.  718.  718.  717.5 717.  716.  714.5 713.
 712.  711.  710.  708.  707.5 707.5 703.  701.5 701.  697.5 697.  695.5
 691.  691.  691.  690.5 689.5 689.5 689.  688.  687.5 685.  683.  681.
 677.  676.5 674.5 674.  673.5 661.  654.  651. ]
[806.  792.5 791.  778.5 765.  763.5 760.5 760.  760.  759.  757.5 755.
 755.  755.  755.  753.  752.  752.  750.  749.5 749.  747.5 747.  746.
 746.  745.5 745.5 745.  745.  745.  745.  744.5 744.5 744.  743.5 742.5
 741.  740.  739.5 739.5 738.  738.  738.  738.  737.  736.5 736.5 736.5
 736.  735.5 734.  734.  732.5 731.5 730.5 730.  729.5 729.  728.  728.
 728.  727.  727.  727.  726.  726.  725.5 723.5 723.5 723.  721.  720.
 718.  718.  718.  718.  717.5 717.  716.  714.5]
[806.  804.  792.5 792.5 791.  778.5 768.  765.  764.  763.5 763.5 763.
 760.5 760.  760.  760.  759.  759.  759.  757.5 756.5 755.  755.  755.
 755.  755.  755.  755.  753.  753.  752.5 752.  752.  750.  750.  749.5
 749.  749.  748.5 748.  747.5 747.  746.  746.  745.5 745.5 745.5 745.
 745.  745.  745.  745.  744.5 744.5 744.  743.5 742.5 741.  740.  739.5
 739.5 739.5 739.5 738.5 738.  738.  738.  738.  737.  736.5 736.5 736.5
 736.  736.  735.5 735.5 735.5 735.  734.  734. ]
[806.  804.  804.  792.5 792.5 792.5 791.  791.  778.5 768.  768.  765.
 764.5 764.  763.5 763.5 763.5 763.5 763.5 763.  763.  763.  760.5 760.
 760.  760.  760.  759.  759.  759.  759.  757.5 756.5 755.  755.  755.
 755.  755.  755.  755.  753.  753.  752.5 752.  752.  750.  750.  750.
 749.5 749.  749.  748.5 748.  748.  747.5 747.  746.  746.  745.5 745.5
 745.5 745.5 745.  745.  745.  745.  745.  745.  744.5 744.5 744.  743.5
 742.5 742.  741.  740.  739.5 739.5 739.5 739.5]
[806.  804.  804.  792.5 792.5 792.5 792.5 791.  791.  778.5 778.5 778.5
 770.  768.  768.  765.  765.  764.5 764.  763.5 763.5 763.5 763.5 763.5
 763.5 763.  763.  763.  763.  763.  762.5 760.5 760.  760.  760.  760.
 759.5 759.5 759.5 759.  759.  759.  759.  759.  757.5 757.5 757.5 756.5
 755.5 755.  755.  755.  755.  755.  755.  755.  755.  753.  753.  752.5
 752.  752.  750.  750.  750.  750.  750.  749.5 749.5 749.  749.  748.5
 748.  748.  747.5 747.5 747.  747.  746.  746. ]
[806.  806.  804.  804.  792.5 792.5 792.5 792.5 791.  791.  791.  791.
 778.5 778.5 778.5 778.5 778.5 770.  768.  768.  765.  765.  765.  765.
 764.5 764.  763.5 763.5 763.5 763.5 763.5 763.5 763.5 763.  763.  763.
 763.  763.  763.  763.  763.  762.5 760.5 760.5 760.  760.  760.  760.
 760.  759.5 759.5 759.5 759.5 759.  759.  759.  759.  759.  759.  759.
 757.5 757.5 757.5 757.  756.5 755.5 755.5 755.  755.  755.  755.  755.
 755.  755.  755.  755.  754.5 754.  753.  753. ]
[806.  806.  804.  804.  804.  804.  804.  792.5 792.5 792.5 792.5 792.5
 791.  791.  791.  791.  791.  791.  787.5 778.5 778.5 778.5 778.5 778.5
 774.5 774.  770.  768.5 768.  768.  765.  765.  765.  765.  765.  764.5
 764.  763.5 763.5 763.5 763.5 763.5 763.5 763.5 763.  763.  763.  763.
 763.  763.  763.  763.  763.  762.5 761.  760.5 760.5 760.  760.  760.
 760.  760.  759.5 759.5 759.5 759.5 759.  759.  759.  759.  759.  759.
 759.  757.5 757.5 757.5 757.  756.5 755.5 755.5]
[806.  806.  804.  804.  804.  804.  804.  804.  804.  804.  804.  792.5
 792.5 792.5 792.5 792.5 792.5 792.5 791.  791.  791.  791.  791.  791.
 791.  790.  787.5 787.5 779.5 778.5 778.5 778.5 778.5 778.5 778.5 774.5
 774.  773.  771.5 770.  768.5 768.  768.  768.  767.  765.5 765.  765.
 765.  765.  765.  765.  765.  764.5 764.  763.5 763.5 763.5 763.5 763.5
 763.5 763.5 763.5 763.5 763.  763.  763.  763.  763.  763.  763.  763.
 763.  762.5 762.5 761.  760.5 760.5 760.5 760. ]
