[703.  720.5 670.  754.  729.  317.  641.5 712.5 336.5 683.5 680.  669.5
 603.  684.5 700.5 650.  635.5 425.5 750.5 396.  688.  722.5 745.  715.
 674.5 254.5 750.5 731.5 744.  643.5 747.  734.  772.  675.5 489.5 649.
 764.5 710.  578.  715.  731.  709.5 523.  677.5 226.5 443.  681.  267.5
 599.5 440.5 719.  454.5 532.  689.5 747.  731.  757.  736.  680.5 584.5
 254.  725.  747.5 634.  702.5 744.  560.5 740.5 618.  742.  733.5 713.
 313.5 718.  669.  718.5 672.5 575.  506.  541.5 742.  394.  721.  751.
 652.  531.5 723.  729.5 661.  660.5 557.5 719.  761.5 778.5 669.5 730.5
 424.  680.5 589.5 766. ]
[802.  798.  786.  784.  783.5 780.  778.5 777.  772.  772.  771.  769.5
 766.  765.5 765.  764.5 764.5 761.5 757.  757.  755.  754.  751.  750.5
 750.5 750.5 750.  747.5 747.  747.  746.5 745.  745.  744.  744.  744.
 744.  744.  743.  742.  742.  742.  741.5 741.5 740.5 740.  737.5 736.5
 736.  734.5 734.  733.5 732.  731.5 731.  731.  730.5 730.  729.5 729.
 727.5 725.  723.  722.5 722.5 721.  721.  720.5 719.  719.  718.5 718.5
 718.  715.  715.  715.  713.  712.5 710.  709.5 703.  703.  702.5 700.5
 699.5 697.5 693.  689.5 689.  688.  684.5 683.5 681.  680.5 680.5 680.
 677.5 675.5 674.5 672.5]
[802.  798.  786.  784.5 784.  784.  783.5 780.  778.5 777.  776.5 772.
 772.  772.  772.  771.  769.5 769.5 768.5 766.  765.5 765.  765.  765.
 765.  764.5 764.5 764.5 764.5 762.5 761.5 757.  757.  757.  755.  754.
 751.  750.5 750.5 750.5 750.  750.  749.  748.5 748.  747.5 747.5 747.
 747.  747.  746.5 746.  745.  745.  745.  744.  744.  744.  744.  744.
 744.  743.  743.  742.  742.  742.  742.  741.5 741.5 741.  740.5 740.
 739.  738.  737.5 736.5 736.5 736.  735.5 734.5 734.  734.  733.5 732.
 731.5 731.  731.  730.5 730.  729.5 729.5 729.5 729.  729.  727.5 725.
 725.  724.  723.5 723. ]
[802.  798.  798.  786.  786.  784.5 784.5 784.  784.  784.  783.5 780.
 778.5 777.  776.5 776.5 773.  772.5 772.  772.  772.  772.  772.  772.
 771.  769.5 769.5 768.5 766.  765.5 765.  765.  765.  765.  765.  765.
 765.  764.5 764.5 764.5 764.5 764.  762.5 762.  761.5 761.5 761.5 761.5
 757.  757.  757.  757.  757.  755.  755.  754.  753.  751.  750.5 750.5
 750.5 750.  750.  750.  749.  748.5 748.  748.  747.5 747.5 747.  747.
 747.  747.  746.5 746.  745.  745.  745.  744.  744.  744.  744.  744.
 744.  744.  744.  743.  743.  742.  742.  742.  742.  742.  741.5 741.5
 741.  741.  741.  740.5]
[802.  798.  798.  798.  787.  786.  786.  786.  784.5 784.5 784.5 784.5
 784.  784.  784.  784.  783.5 781.  780.  780.  780.  778.5 777.5 777.
 777.  777.  776.5 776.5 776.  774.  773.  772.5 772.  772.  772.  772.
 772.  772.  771.  769.5 769.5 768.5 766.  765.5 765.  765.  765.  765.
 765.  765.  765.  764.5 764.5 764.5 764.5 764.5 764.5 764.  764.  762.5
 762.  762.  762.  761.5 761.5 761.5 761.5 758.  757.  757.  757.  757.
 757.  757.  757.  756.  755.  755.  754.  753.  751.  751.  751.  750.5
 750.5 750.5 750.  750.  750.  750.  749.  748.5 748.  748.  747.5 747.5
 747.  747.  747.  747. ]
[802.  798.  798.  798.  798.  787.  786.  786.  786.  786.  784.5 784.5
 784.5 784.5 784.5 784.5 784.  784.  784.  784.  784.  783.5 783.5 781.
 781.  780.  780.  780.  778.5 778.5 777.5 777.  777.  777.  776.5 776.5
 776.5 776.  774.  774.  773.  772.5 772.  772.  772.  772.  772.  772.
 772.  772.  771.  771.  769.5 769.5 769.5 768.5 767.5 767.  766.  765.5
 765.  765.  765.  765.  765.  765.  765.  764.5 764.5 764.5 764.5 764.5
 764.5 764.5 764.5 764.5 764.  764.  764.  762.5 762.  762.  762.  761.5
 761.5 761.5 761.5 761.5 760.  759.  758.  757.5 757.  757.  757.  757.
 757.  757.  757.  756. ]
[802.  802.  798.  798.  798.  798.  798.  798.  792.  787.  787.  786.
 786.  786.  786.  786.  786.  785.5 784.5 784.5 784.5 784.5 784.5 784.5
 784.5 784.5 784.  784.  784.  784.  784.  784.  783.5 783.5 781.  781.
 781.  780.  780.  780.  778.5 778.5 777.5 777.  777.  777.  776.5 776.5
 776.5 776.  774.  774.  773.  773.  772.5 772.  772.  772.  772.  772.
 772.  772.  772.  772.  772.  771.  771.  770.  769.5 769.5 769.5 768.5
 767.5 767.  766.  766.  765.5 765.  765.  765.  765.  765.  765.  765.
 764.5 764.5 764.5 764.5 764.5 764.5 764.5 764.5 764.5 764.  764.  764.
 762.5 762.  762.  762. ]
[802.  802.  802.  798.  798.  798.  798.  798.  798.  798.  798.  792.
 792.  787.  787.  786.  786.  786.  786.  786.  786.  785.5 785.  784.5
 784.5 784.5 784.5 784.5 784.5 784.5 784.5 784.5 784.5 784.5 784.  784.
 784.  784.  784.  784.  783.5 783.5 781.  781.  781.  780.  780.  780.
 780.  778.5 778.5 777.5 777.  777.  777.  776.5 776.5 776.5 776.  776.
 774.  774.  773.5 773.  773.  772.5 772.  772.  772.  772.  772.  772.
 772.  772.  772.  772.  771.  771.  770.  770.  770.  769.5 769.5 769.5
 768.5 767.5 767.5 767.  766.  766.  765.5 765.  765.  765.  765.  765.
 765.  765.  764.5 764.5]
