[669.  709.5 652.  760.  716.  320.  666.5 712.5 338.5 685.5 688.  644.5
 590.  665.5 729.5 653.  639.5 406.5 731.5 391.  677.  724.5 771.  737.
 655.5 250.5 765.5 723.5 734.  670.5 748.  729.  750.  655.5 496.5 646.
 772.5 727.  618.  709.  739.  729.5 520.  670.5 232.5 447.  680.  258.5
 593.5 461.5 742.  412.5 492.  700.5 714.  734.  763.  732.  691.5 596.5
 252.  715.  734.5 639.  698.5 731.  579.5 730.5 616.  759.  747.5 728.
 302.5 729.  713.  734.5 718.5 600.  493.  557.5 754.  346.  711.  744.
 638.  546.5 744.  736.5 658.  669.5 562.5 728.  742.5 748.5 680.5 721.5
 440.  663.5 551.5 740.  727.  741.  723.  734.  767.  759.  755.  745.
 575.  757.  742.5 726.  483.  594.  590.  769.  739.5 785.5 368.5 629.
 637.5 308.  321.5 758.5 771.  160.  178.  759.5 739.5 759.5 417.  684.
 204.5 735.5 462.  699.5 355.5 515.5 725.  621.5 736.  721.  719.  415.5
 404.  460.  616.  705.  515.5 698.5 340.  346.  555.5 324.  721.5 697.
 183.5 646.5 412.5 319.  721.5 739.5 740.5 637.5 373.5 541.  357.5 752.5
 721.5 719.5 738.5 724.  735.5 751.  740.  712.  729.5 706.5 757.  603.5]
[791.  785.5 772.5 772.  771.  771.  769.5 769.  767.  767.  766.  765.5
 765.  763.  762.  760.  759.5 759.5 759.  759.  759.  758.5 757.  757.
 757.  756.  755.  755.  754.  754.  752.5 751.5 751.  750.5 750.  750.
 750.  749.  749.  748.5 748.5 748.  748.  748.  748.  748.  747.5 747.
 745.  745.  745.  744.  744.  744.  743.5 743.  743.  742.5 742.5 742.5
 742.  741.  740.5 740.  740.  739.5 739.5 739.5 739.  739.  738.5 738.5
 737.  736.5 736.5 736.  736.  735.5 735.5 735.5 735.5 735.  735.  734.5
 734.5 734.  734.  734.  732.  732.  731.5 731.  730.5 730.  730.  730.
 729.5 729.5 729.5 729.  729.  729.  729.  728.  728.  727.5 727.  727.
 727.  726.5 726.  725.5 725.5 725.  724.5 724.  724.  723.5 723.  723.
 722.5 721.5 721.5 721.5 721.5 721.5 721.  719.5 719.5 719.  719.  718.5
 718.5 716.5 716.  716.  715.5 715.  715.  714.  713.5 713.  713.  712.5
 712.  711.  711.  709.5 709.  706.5 705.  705.  702.5 700.5 700.  699.5
 698.5 698.5 698.  697.  692.5 691.5 688.  686.5 685.5 685.  684.  680.5
 680.  680.  677.  677.  674.  672.  670.5 670.5 669.5 669.  666.5 665.5]
[791.  785.5 785.5 781.  777.5 772.5 772.5 772.  772.  771.  771.  769.5
 769.  769.  767.  767.  767.  767.  766.  765.5 765.5 765.  764.5 763.
 762.  762.  762.  762.  761.  760.  760.  759.5 759.5 759.  759.  759.
 758.5 757.  757.  757.  757.  757.  757.  757.  756.5 756.  756.  755.
 755.  755.  754.5 754.  754.  754.  754.  753.5 752.5 752.  752.  752.
 751.5 751.  751.  750.5 750.  750.  750.  750.  750.  750.  749.5 749.
 749.  749.  749.  748.5 748.5 748.  748.  748.  748.  748.  748.  748.
 747.5 747.  747.  747.  746.5 745.  745.  745.  745.  745.  745.  745.
 744.  744.  744.  744.  744.  744.  744.  744.  743.5 743.  743.  743.
 742.5 742.5 742.5 742.  742.  742.  742.  741.5 741.  740.5 740.5 740.
 740.  739.5 739.5 739.5 739.  739.  739.  739.  738.5 738.5 738.  737.5
 737.  737.  736.5 736.5 736.  736.  736.  735.5 735.5 735.5 735.5 735.
 735.  735.  734.5 734.5 734.  734.  734.  734.  732.5 732.  732.  731.5
 731.  730.5 730.  730.  730.  730.  729.5 729.5 729.5 729.5 729.  729.
 729.  729.  729.  728.5 728.  728.  727.5 727.  727.  727.  726.5 726. ]
[791.  785.5 785.5 785.5 781.  781.  778.  777.5 772.5 772.5 772.  772.
 771.  771.  769.5 769.  769.  768.  767.  767.  767.  767.  766.  766.
 765.5 765.5 765.5 765.  765.  764.5 763.5 763.  762.  762.  762.  762.
 761.  760.  760.  759.5 759.5 759.  759.  759.  758.5 757.  757.  757.
 757.  757.  757.  757.  757.  757.  756.5 756.5 756.  756.  756.  756.
 755.  755.  755.  754.5 754.  754.  754.  754.  753.5 753.5 752.5 752.5
 752.  752.  752.  752.  752.  751.5 751.  751.  751.  750.5 750.  750.
 750.  750.  750.  750.  749.5 749.5 749.5 749.  749.  749.  749.  749.
 749.  748.5 748.5 748.  748.  748.  748.  748.  748.  748.  748.  748.
 748.  748.  748.  747.5 747.  747.  747.  747.  747.  746.5 746.  745.
 745.  745.  745.  745.  745.  745.  745.  744.  744.  744.  744.  744.
 744.  744.  744.  744.  744.  743.5 743.5 743.  743.  743.  743.  742.5
 742.5 742.5 742.  742.  742.  742.  742.  741.5 741.  741.  741.  741.
 740.5 740.5 740.5 740.5 740.5 740.  740.  739.5 739.5 739.5 739.5 739.
 739.  739.  739.  739.  739.  738.5 738.5 738.5 738.5 738.  737.5 737. ]
[791.  791.  791.  785.5 785.5 785.5 785.5 785.5 783.  781.  781.  778.
 777.5 777.5 773.5 772.5 772.5 772.5 772.  772.  771.  771.  771.  771.
 770.5 770.  769.5 769.5 769.  769.  769.  768.  767.  767.  767.  767.
 767.  767.  766.  766.  766.  765.5 765.5 765.5 765.5 765.5 765.5 765.5
 765.  765.  765.  764.5 763.5 763.  762.  762.  762.  762.  762.  762.
 762.  762.  761.  761.  760.  760.  759.5 759.5 759.  759.  759.  758.5
 757.  757.  757.  757.  757.  757.  757.  757.  757.  757.  757.  757.
 757.  756.5 756.5 756.  756.  756.  756.  755.  755.  755.  754.5 754.
 754.  754.  754.  754.  754.  753.5 753.5 753.  752.5 752.5 752.  752.
 752.  752.  752.  752.  751.5 751.  751.  751.  751.  750.5 750.  750.
 750.  750.  750.  750.  750.  750.  749.5 749.5 749.5 749.  749.  749.
 749.  749.  749.  749.  749.  749.  749.  748.5 748.5 748.  748.  748.
 748.  748.  748.  748.  748.  748.  748.  748.  748.  748.  747.5 747.
 747.  747.  747.  747.  746.5 746.  746.  745.5 745.  745.  745.  745.
 745.  745.  745.  745.  745.  744.  744.  744.  744.  744.  744.  744. ]
[794.  791.  791.  791.  785.5 785.5 785.5 785.5 785.5 785.5 785.5 785.5
 783.  781.5 781.  781.  781.  778.  777.5 777.5 777.5 776.  774.  773.5
 772.5 772.5 772.5 772.5 772.5 772.  772.  771.  771.  771.  771.  771.
 771.  770.5 770.5 770.5 770.  769.5 769.5 769.  769.  769.  768.  767.
 767.  767.  767.  767.  767.  767.  767.  766.  766.  766.  765.5 765.5
 765.5 765.5 765.5 765.5 765.5 765.5 765.  765.  765.  764.5 763.5 763.5
 763.  763.  762.  762.  762.  762.  762.  762.  762.  762.  761.  761.
 760.  760.  759.5 759.5 759.  759.  759.  758.5 758.  757.5 757.  757.
 757.  757.  757.  757.  757.  757.  757.  757.  757.  757.  757.  757.
 757.  756.5 756.5 756.  756.  756.  756.  755.  755.  755.  754.5 754.
 754.  754.  754.  754.  754.  754.  754.  753.5 753.5 753.5 753.  752.5
 752.5 752.5 752.  752.  752.  752.  752.  752.  752.  752.  751.5 751.
 751.  751.  751.  750.5 750.  750.  750.  750.  750.  750.  750.  750.
 750.  749.5 749.5 749.5 749.  749.  749.  749.  749.  749.  749.  749.
 749.  749.  749.  749.  749.  748.5 748.5 748.5 748.  748.  748.  748. ]
[794.  791.  791.  791.  791.  787.  785.5 785.5 785.5 785.5 785.5 785.5
 785.5 785.5 783.  781.5 781.  781.  781.  781.  779.  778.  777.5 777.5
 777.5 777.5 777.  777.  776.  775.  774.  774.  774.  773.5 773.  773.
 772.5 772.5 772.5 772.5 772.5 772.5 772.  772.  771.  771.  771.  771.
 771.  771.  771.  771.  771.  770.5 770.5 770.5 770.  770.  769.5 769.5
 769.  769.  769.  768.  767.5 767.  767.  767.  767.  767.  767.  767.
 767.  767.  767.  766.  766.  766.  765.5 765.5 765.5 765.5 765.5 765.5
 765.5 765.5 765.5 765.  765.  765.  764.5 764.  763.5 763.5 763.  763.
 763.  763.  762.  762.  762.  762.  762.  762.  762.  762.  761.  761.
 760.  760.  759.5 759.5 759.5 759.  759.  759.  759.  759.  758.5 758.
 758.  757.5 757.  757.  757.  757.  757.  757.  757.  757.  757.  757.
 757.  757.  757.  757.  757.  757.  756.5 756.5 756.  756.  756.  756.
 755.5 755.5 755.  755.  755.  755.  754.5 754.5 754.5 754.  754.  754.
 754.  754.  754.  754.  754.  754.  753.5 753.5 753.5 753.  752.5 752.5
 752.5 752.  752.  752.  752.  752.  752.  752.  752.  752.  751.5 751. ]
[799.  794.  791.5 791.  791.  791.  791.  791.  791.  787.  787.  786.5
 785.5 785.5 785.5 785.5 785.5 785.5 785.5 785.5 785.5 785.5 785.5 785.5
 785.5 783.  781.5 781.  781.  781.  781.  781.  781.  781.  779.  778.
 778.  777.5 777.5 777.5 777.5 777.5 777.5 777.  777.  776.5 776.  776.
 775.  775.  775.  774.  774.  774.  773.5 773.5 773.  773.  773.  772.5
 772.5 772.5 772.5 772.5 772.5 772.  772.  772.  771.  771.  771.  771.
 771.  771.  771.  771.  771.  770.5 770.5 770.5 770.  770.  770.  769.5
 769.5 769.  769.  769.  769.  768.5 768.  767.5 767.  767.  767.  767.
 767.  767.  767.  767.  767.  767.  767.  767.  767.  766.  766.  766.
 765.5 765.5 765.5 765.5 765.5 765.5 765.5 765.5 765.5 765.  765.  765.
 765.  765.  764.5 764.  763.5 763.5 763.5 763.  763.  763.  763.  762.
 762.  762.  762.  762.  762.  762.  762.  761.5 761.  761.  761.  761.
 760.5 760.5 760.  760.  760.  759.5 759.5 759.5 759.  759.  759.  759.
 759.  759.  758.5 758.  758.  758.  757.5 757.  757.  757.  757.  757.
 757.  757.  757.  757.  757.  757.  757.  757.  757.  757.  757.  756.5]
[808.5 799.  794.  794.  792.  791.5 791.  791.  791.  791.  791.  791.
 791.  791.  788.  787.  787.  787.  787.  786.5 785.5 785.5 785.5 785.5
 785.5 785.5 785.5 785.5 785.5 785.5 785.5 785.5 785.5 785.5 785.5 785.5
 785.5 785.5 785.5 784.  783.  783.  783.  782.  782.  782.  781.5 781.
 781.  781.  781.  781.  781.  781.  781.  781.  781.  781.  780.  779.
 778.  778.  778.  778.  778.  777.5 777.5 777.5 777.5 777.5 777.5 777.5
 777.5 777.  777.  776.5 776.  776.  775.  775.  775.  775.  774.  774.
 774.  774.  774.  773.5 773.5 773.  773.  773.  773.  773.  772.5 772.5
 772.5 772.5 772.5 772.5 772.5 772.5 772.  772.  772.  772.  772.  771.
 771.  771.  771.  771.  771.  771.  771.  771.  770.5 770.5 770.5 770.
 770.  770.  770.  769.5 769.5 769.5 769.5 769.  769.  769.  769.  768.5
 768.  768.  768.  767.5 767.5 767.  767.  767.  767.  767.  767.  767.
 767.  767.  767.  767.  767.  767.  767.  767.  767.  767.  766.  766.
 766.  765.5 765.5 765.5 765.5 765.5 765.5 765.5 765.5 765.5 765.  765.
 765.  765.  765.  764.5 764.  764.  763.5 763.5 763.5 763.  763.  763. ]
[813.  808.5 808.5 799.  794.  794.  794.  793.5 792.  791.5 791.  791.
 791.  791.  791.  791.  791.  791.  791.  791.  788.  787.  787.  787.
 787.  787.  786.5 785.5 785.5 785.5 785.5 785.5 785.5 785.5 785.5 785.5
 785.5 785.5 785.5 785.5 785.5 785.5 785.5 785.5 785.5 785.5 785.5 785.5
 785.5 785.5 785.5 785.  784.  783.  783.  783.  783.  783.  782.  782.
 782.  782.  781.5 781.  781.  781.  781.  781.  781.  781.  781.  781.
 781.  781.  781.  781.  781.  781.  780.  780.  779.  778.5 778.  778.
 778.  778.  778.  777.5 777.5 777.5 777.5 777.5 777.5 777.5 777.5 777.5
 777.  777.  777.  777.  776.5 776.  776.  775.  775.  775.  775.  774.
 774.  774.  774.  774.  773.5 773.5 773.  773.  773.  773.  773.  772.5
 772.5 772.5 772.5 772.5 772.5 772.5 772.5 772.  772.  772.  772.  772.
 772.  772.  771.  771.  771.  771.  771.  771.  771.  771.  771.  770.5
 770.5 770.5 770.5 770.  770.  770.  770.  769.5 769.5 769.5 769.5 769.
 769.  769.  769.  769.  769.  768.5 768.5 768.  768.  768.  768.  767.5
 767.5 767.  767.  767.  767.  767.  767.  767.  767.  767.  767.  767. ]
[813.  813.  808.5 808.5 799.  794.  794.  794.  794.  793.5 792.  791.5
 791.5 791.  791.  791.  791.  791.  791.  791.  791.  791.  791.  791.
 790.  788.  787.  787.  787.  787.  787.  786.5 785.5 785.5 785.5 785.5
 785.5 785.5 785.5 785.5 785.5 785.5 785.5 785.5 785.5 785.5 785.5 785.5
 785.5 785.5 785.5 785.5 785.5 785.5 785.5 785.5 785.5 785.5 785.5 785.
 784.  784.  783.  783.  783.  783.  783.  783.  783.  782.  782.  782.
 782.  782.  781.5 781.5 781.5 781.  781.  781.  781.  781.  781.  781.
 781.  781.  781.  781.  781.  781.  781.  781.  781.  781.  780.  780.
 780.  779.  778.5 778.  778.  778.  778.  778.  777.5 777.5 777.5 777.5
 777.5 777.5 777.5 777.5 777.5 777.5 777.  777.  777.  777.  777.  776.5
 776.  776.  775.  775.  775.  775.  774.  774.  774.  774.  774.  773.5
 773.5 773.  773.  773.  773.  773.  773.  772.5 772.5 772.5 772.5 772.5
 772.5 772.5 772.5 772.  772.  772.  772.  772.  772.  772.  771.  771.
 771.  771.  771.  771.  771.  771.  771.  771.  771.  770.5 770.5 770.5
 770.5 770.  770.  770.  770.  769.5 769.5 769.5 769.5 769.  769.  769. ]
[813.  813.  808.5 808.5 799.  794.  794.  794.  794.  794.  793.5 792.5
 792.  791.5 791.5 791.5 791.  791.  791.  791.  791.  791.  791.  791.
 791.  791.  791.  791.  791.  791.  791.  790.  788.  788.  787.  787.
 787.  787.  787.  787.  787.  787.  786.5 786.5 785.5 785.5 785.5 785.5
 785.5 785.5 785.5 785.5 785.5 785.5 785.5 785.5 785.5 785.5 785.5 785.5
 785.5 785.5 785.5 785.5 785.5 785.5 785.5 785.5 785.5 785.5 785.5 785.5
 785.  784.  784.  783.  783.  783.  783.  783.  783.  783.  782.  782.
 782.  782.  782.  781.5 781.5 781.5 781.  781.  781.  781.  781.  781.
 781.  781.  781.  781.  781.  781.  781.  781.  781.  781.  781.  780.
 780.  780.  779.  778.5 778.  778.  778.  778.  778.  778.  778.  777.5
 777.5 777.5 777.5 777.5 777.5 777.5 777.5 777.5 777.5 777.5 777.  777.
 777.  777.  777.  776.5 776.  776.  775.5 775.  775.  775.  775.  775.
 774.  774.  774.  774.  774.  773.5 773.5 773.5 773.5 773.5 773.  773.
 773.  773.  773.  773.  773.  773.  772.5 772.5 772.5 772.5 772.5 772.5
 772.5 772.5 772.5 772.  772.  772.  772.  772.  772.  772.  771.  771. ]
[813.  813.  808.5 808.5 799.  794.  794.  794.  794.  794.  794.  794.
 793.5 792.5 792.  792.  791.5 791.5 791.5 791.  791.  791.  791.  791.
 791.  791.  791.  791.  791.  791.  791.  791.  791.  791.  791.  791.
 791.  791.  790.  788.  788.  787.  787.  787.  787.  787.  787.  787.
 787.  787.  786.5 786.5 786.5 785.5 785.5 785.5 785.5 785.5 785.5 785.5
 785.5 785.5 785.5 785.5 785.5 785.5 785.5 785.5 785.5 785.5 785.5 785.5
 785.5 785.5 785.5 785.5 785.5 785.5 785.5 785.5 785.5 785.5 785.5 785.5
 785.5 785.  784.5 784.  784.  783.  783.  783.  783.  783.  783.  783.
 782.  782.  782.  782.  782.  782.  781.5 781.5 781.5 781.  781.  781.
 781.  781.  781.  781.  781.  781.  781.  781.  781.  781.  781.  781.
 781.  781.  781.  780.  780.  780.  779.  778.5 778.  778.  778.  778.
 778.  778.  778.  777.5 777.5 777.5 777.5 777.5 777.5 777.5 777.5 777.5
 777.5 777.5 777.5 777.  777.  777.  777.  777.  776.5 776.  776.  775.5
 775.  775.  775.  775.  775.  774.5 774.  774.  774.  774.  774.  773.5
 773.5 773.5 773.5 773.5 773.  773.  773.  773.  773.  773.  773.  773. ]
[813.  813.  813.  808.5 808.5 808.5 799.  794.5 794.  794.  794.  794.
 794.  794.  794.  794.  794.  794.  794.  793.5 793.5 792.5 792.  792.
 791.5 791.5 791.5 791.  791.  791.  791.  791.  791.  791.  791.  791.
 791.  791.  791.  791.  791.  791.  791.  791.  791.  791.  791.  791.
 791.  791.  791.  790.  790.  788.  788.  787.  787.  787.  787.  787.
 787.  787.  787.  787.  787.  787.  786.5 786.5 786.5 785.5 785.5 785.5
 785.5 785.5 785.5 785.5 785.5 785.5 785.5 785.5 785.5 785.5 785.5 785.5
 785.5 785.5 785.5 785.5 785.5 785.5 785.5 785.5 785.5 785.5 785.5 785.5
 785.5 785.5 785.5 785.5 785.5 785.5 785.5 785.5 785.5 785.  784.5 784.
 784.  783.  783.  783.  783.  783.  783.  783.  782.  782.  782.  782.
 782.  782.  781.5 781.5 781.5 781.  781.  781.  781.  781.  781.  781.
 781.  781.  781.  781.  781.  781.  781.  781.  781.  781.  781.  781.
 781.  781.  780.  780.  780.  779.  779.  778.5 778.5 778.  778.  778.
 778.  778.  778.  778.  777.5 777.5 777.5 777.5 777.5 777.5 777.5 777.5
 777.5 777.5 777.5 777.5 777.5 777.  777.  777.  777.  777.  776.5 776. ]
[813.  813.  813.  813.  813.  813.  808.5 808.5 808.5 808.5 808.5 799.
 794.5 794.5 794.  794.  794.  794.  794.  794.  794.  794.  794.  794.
 794.  794.  793.5 793.5 792.5 792.  792.  792.  792.  791.5 791.5 791.5
 791.5 791.  791.  791.  791.  791.  791.  791.  791.  791.  791.  791.
 791.  791.  791.  791.  791.  791.  791.  791.  791.  791.  791.  791.
 791.  791.  791.  791.  790.  790.  788.  788.  787.  787.  787.  787.
 787.  787.  787.  787.  787.  787.  787.  787.  786.5 786.5 786.5 785.5
 785.5 785.5 785.5 785.5 785.5 785.5 785.5 785.5 785.5 785.5 785.5 785.5
 785.5 785.5 785.5 785.5 785.5 785.5 785.5 785.5 785.5 785.5 785.5 785.5
 785.5 785.5 785.5 785.5 785.5 785.5 785.5 785.5 785.5 785.5 785.5 785.5
 785.5 785.5 785.  784.5 784.  784.  783.  783.  783.  783.  783.  783.
 783.  782.  782.  782.  782.  782.  782.  781.5 781.5 781.5 781.5 781.
 781.  781.  781.  781.  781.  781.  781.  781.  781.  781.  781.  781.
 781.  781.  781.  781.  781.  781.  781.  781.  781.  780.  780.  780.
 780.  779.5 779.  779.  778.5 778.5 778.  778.  778.  778.  778.  778. ]
[813.  813.  813.  813.  813.  813.  813.  813.  808.5 808.5 808.5 808.5
 808.5 808.5 799.  799.  794.5 794.5 794.  794.  794.  794.  794.  794.
 794.  794.  794.  794.  794.  794.  794.  794.  794.  794.  794.  793.5
 793.5 792.5 792.  792.  792.  792.  791.5 791.5 791.5 791.5 791.  791.
 791.  791.  791.  791.  791.  791.  791.  791.  791.  791.  791.  791.
 791.  791.  791.  791.  791.  791.  791.  791.  791.  791.  791.  791.
 791.  791.  791.  791.  791.  790.  790.  789.  788.  788.  787.  787.
 787.  787.  787.  787.  787.  787.  787.  787.  787.  787.  787.  786.5
 786.5 786.5 786.5 785.5 785.5 785.5 785.5 785.5 785.5 785.5 785.5 785.5
 785.5 785.5 785.5 785.5 785.5 785.5 785.5 785.5 785.5 785.5 785.5 785.5
 785.5 785.5 785.5 785.5 785.5 785.5 785.5 785.5 785.5 785.5 785.5 785.5
 785.5 785.5 785.5 785.5 785.5 785.5 785.5 785.5 785.5 785.  784.5 784.
 784.  783.  783.  783.  783.  783.  783.  783.  782.5 782.  782.  782.
 782.  782.  782.  781.5 781.5 781.5 781.5 781.  781.  781.  781.  781.
 781.  781.  781.  781.  781.  781.  781.  781.  781.  781.  781.  781. ]
