[696.  714.5 659.  740.  725.  299.  659.5 739.5 342.5 693.5 653.  674.5
 610.  683.5 745.5 659.  645.5 407.5 736.5 401.  691.  746.5 748.  727.
 688.5 237.5 766.5 733.5 727.  667.5 741.  695.  760.  697.5 519.5 615.
 763.5 722.  632.  727.  740.  731.5 506.  671.5 232.5 435.  675.  265.5
 617.5 451.5 727.  436.5 504.  691.5 736.  739.  742.  753.  689.5 578.5
 260.  704.  739.5 611.  719.5 726.  584.5 737.5 602.  747.  733.5 733.
 312.5 723.  719.  717.5 699.5 593.  498.  566.5 741.  378.  721.  760.
 626.  545.5 728.  741.5 690.  661.5 561.5 727.  734.5 776.5 662.5 721.5
 444.  676.5 559.5 731.  717.  760.  710.  766.  760.  759.  746.  751.
 534.  765.  737.5 712.  486.  612.  563.  743.  756.5 758.5 391.5 652. ]
[797.5 778.5 777.5 776.5 769.  766.5 766.5 766.  765.  763.5 760.  760.
 760.  760.  760.  759.  758.5 757.5 756.5 755.5 754.5 753.  753.  753.
 753.  751.  748.  747.  747.  746.5 746.5 746.  746.  746.  745.5 743.5
 743.  742.5 742.5 742.  742.  741.5 741.  741.  741.  740.  740.  740.
 740.  739.5 739.5 739.5 739.  737.5 737.5 737.5 736.5 736.  735.5 735.
 734.5 733.5 733.5 733.  733.  731.5 731.5 731.  731.  729.  728.  727.5
 727.5 727.  727.  727.  727.  727.  726.  725.  725.  724.  723.  722.5
 722.  722.  721.5 721.5 721.  719.5 719.5 719.5 719.  718.  717.5 717.
 716.5 714.5 712.  712.  711.  710.  708.  708.  705.5 704.  699.5 697.5
 697.5 696.  695.5 695.  693.5 691.5 691.  691.  690.5 690.5 690.  689.5]
[797.5 785.5 778.5 778.5 777.5 776.5 776.5 774.5 773.  772.5 769.  766.5
 766.5 766.5 766.  765.  763.5 760.  760.  760.  760.  760.  760.  759.
 759.  758.5 758.5 758.  757.5 757.5 756.5 755.5 754.5 754.5 754.  753.
 753.  753.  753.  753.  753.  751.  751.  749.  748.  748.  747.  747.
 747.  746.5 746.5 746.5 746.  746.  746.  745.5 743.5 743.  742.5 742.5
 742.5 742.  742.  742.  741.5 741.  741.  741.  741.  740.  740.  740.
 740.  739.5 739.5 739.5 739.  737.5 737.5 737.5 737.5 736.5 736.  736.
 735.5 735.  734.5 734.  733.5 733.5 733.  733.  732.5 731.5 731.5 731.
 731.  729.5 729.  729.  728.  727.5 727.5 727.5 727.  727.  727.  727.
 727.  727.  726.  725.  725.  725.  725.  724.  723.  722.5 722.  722. ]
[797.5 797.5 785.5 783.5 778.5 778.5 777.5 776.5 776.5 774.5 774.  773.
 772.5 772.5 769.  766.5 766.5 766.5 766.5 766.5 766.5 766.  765.  763.5
 760.5 760.  760.  760.  760.  760.  760.  760.  760.  760.  759.  759.
 759.  759.  759.  758.5 758.5 758.5 758.  758.  757.5 757.5 756.5 755.5
 755.5 755.  754.5 754.5 754.  753.  753.  753.  753.  753.  753.  753.
 753.  752.  751.  751.  751.  749.  748.  748.  747.  747.  747.  746.5
 746.5 746.5 746.5 746.5 746.  746.  746.  745.5 743.5 743.  743.  742.5
 742.5 742.5 742.  742.  742.  742.  741.5 741.5 741.  741.  741.  741.
 740.  740.  740.  740.  739.5 739.5 739.5 739.5 739.  737.5 737.5 737.5
 737.5 736.5 736.5 736.  736.  735.5 735.  734.5 734.  733.5 733.5 733.5]
[807.  797.5 797.5 797.5 785.5 785.5 784.  783.5 783.5 783.5 778.5 778.5
 777.5 776.5 776.5 774.5 774.  774.  774.  774.  773.  773.  772.5 772.5
 772.5 772.5 769.  766.5 766.5 766.5 766.5 766.5 766.5 766.5 766.  765.5
 765.  763.5 763.5 763.5 760.5 760.  760.  760.  760.  760.  760.  760.
 760.  760.  760.  760.  760.  759.  759.  759.  759.  759.  759.  759.
 758.5 758.5 758.5 758.5 758.  758.  757.5 757.5 756.5 756.5 755.5 755.5
 755.5 755.  755.  754.5 754.5 754.5 754.5 754.5 754.  754.  753.  753.
 753.  753.  753.  753.  753.  753.  753.  752.  751.  751.  751.  750.
 749.5 749.  749.  748.  748.  748.  747.  747.  747.  746.5 746.5 746.5
 746.5 746.5 746.5 746.  746.  746.  746.  745.5 745.  743.5 743.  743. ]
[807.  797.5 797.5 797.5 797.5 795.5 788.5 785.5 785.5 784.  783.5 783.5
 783.5 783.5 778.5 778.5 778.5 778.5 777.5 777.5 776.5 776.5 774.5 774.5
 774.5 774.  774.  774.  774.  774.  774.  773.  773.  773.  772.5 772.5
 772.5 772.5 769.  767.  767.  766.5 766.5 766.5 766.5 766.5 766.5 766.5
 766.  766.  765.5 765.5 765.  764.  763.5 763.5 763.5 762.5 760.5 760.
 760.  760.  760.  760.  760.  760.  760.  760.  760.  760.  760.  760.
 760.  759.  759.  759.  759.  759.  759.  759.  759.  759.  758.5 758.5
 758.5 758.5 758.  758.  758.  757.5 757.5 756.5 756.5 756.5 755.5 755.5
 755.5 755.  755.  754.5 754.5 754.5 754.5 754.5 754.  754.  754.  754.
 753.  753.  753.  753.  753.  753.  753.  753.  753.  752.5 752.  751. ]
[807.  797.5 797.5 797.5 797.5 797.5 795.5 795.5 788.5 785.5 785.5 785.5
 784.  783.5 783.5 783.5 783.5 783.5 782.  782.  778.5 778.5 778.5 778.5
 778.5 778.5 777.5 777.5 776.5 776.5 776.5 774.5 774.5 774.5 774.5 774.5
 774.  774.  774.  774.  774.  774.  774.  774.  773.  773.  773.  772.5
 772.5 772.5 772.5 769.  769.  769.  768.  767.  767.  766.5 766.5 766.5
 766.5 766.5 766.5 766.5 766.5 766.  766.  765.5 765.5 765.5 765.5 765.
 764.  763.5 763.5 763.5 763.  763.  763.  762.5 760.5 760.  760.  760.
 760.  760.  760.  760.  760.  760.  760.  760.  760.  760.  760.  760.
 759.5 759.  759.  759.  759.  759.  759.  759.  759.  759.  758.5 758.5
 758.5 758.5 758.  758.  758.  757.5 757.5 757.  756.5 756.5 756.5 755.5]
[807.  797.5 797.5 797.5 797.5 797.5 795.5 795.5 795.5 790.5 788.5 788.5
 785.5 785.5 785.5 785.5 784.  783.5 783.5 783.5 783.5 783.5 783.5 783.5
 783.5 782.  782.  782.  781.  780.  779.  778.5 778.5 778.5 778.5 778.5
 778.5 778.5 778.  777.5 777.5 777.  776.5 776.5 776.5 774.5 774.5 774.5
 774.5 774.5 774.5 774.  774.  774.  774.  774.  774.  774.  774.  774.
 774.  773.5 773.  773.  773.  773.  772.5 772.5 772.5 772.5 772.5 771.
 770.  769.  769.  769.  768.  768.  767.  767.  766.5 766.5 766.5 766.5
 766.5 766.5 766.5 766.5 766.  766.  765.5 765.5 765.5 765.5 765.5 765.
 764.  763.5 763.5 763.5 763.  763.  763.  762.5 762.5 760.5 760.  760.
 760.  760.  760.  760.  760.  760.  760.  760.  760.  760.  760.  760. ]
[807.  797.5 797.5 797.5 797.5 797.5 797.5 795.5 795.5 795.5 790.5 790.5
 790.5 788.5 788.5 785.5 785.5 785.5 785.5 785.5 785.5 784.5 784.  783.5
 783.5 783.5 783.5 783.5 783.5 783.5 783.5 783.5 783.5 783.5 783.5 783.5
 782.  782.  782.  782.  781.  780.  779.  778.5 778.5 778.5 778.5 778.5
 778.5 778.5 778.  777.5 777.5 777.  777.  776.5 776.5 776.5 774.5 774.5
 774.5 774.5 774.5 774.5 774.5 774.5 774.5 774.  774.  774.  774.  774.
 774.  774.  774.  774.  774.  774.  774.  774.  773.5 773.5 773.  773.
 773.  773.  773.  773.  773.  772.5 772.5 772.5 772.5 772.5 771.  770.
 769.  769.  769.  769.  768.5 768.  768.  767.  767.  766.5 766.5 766.5
 766.5 766.5 766.5 766.5 766.5 766.  766.  765.5 765.5 765.5 765.5 765.5]
[807.  807.  800.  797.5 797.5 797.5 797.5 797.5 797.5 797.5 797.5 795.5
 795.5 795.5 791.  790.5 790.5 790.5 790.5 788.5 788.5 785.5 785.5 785.5
 785.5 785.5 785.5 785.5 785.5 785.5 784.5 784.  783.5 783.5 783.5 783.5
 783.5 783.5 783.5 783.5 783.5 783.5 783.5 783.5 783.5 783.5 783.5 782.
 782.  782.  782.  781.  781.  781.  780.  779.  778.5 778.5 778.5 778.5
 778.5 778.5 778.5 778.5 778.  777.5 777.5 777.  777.  777.  776.5 776.5
 776.5 776.5 776.5 774.5 774.5 774.5 774.5 774.5 774.5 774.5 774.5 774.5
 774.  774.  774.  774.  774.  774.  774.  774.  774.  774.  774.  774.
 774.  774.  774.  774.  773.5 773.5 773.  773.  773.  773.  773.  773.
 773.  773.  772.5 772.5 772.5 772.5 772.5 772.5 771.  770.  769.  769. ]
[807.  807.  800.  797.5 797.5 797.5 797.5 797.5 797.5 797.5 797.5 797.5
 797.5 795.5 795.5 795.5 794.5 791.  790.5 790.5 790.5 790.5 790.5 790.5
 788.5 788.5 785.5 785.5 785.5 785.5 785.5 785.5 785.5 785.5 785.5 785.5
 784.5 784.  783.5 783.5 783.5 783.5 783.5 783.5 783.5 783.5 783.5 783.5
 783.5 783.5 783.5 783.5 783.5 783.5 783.5 782.  782.  782.  782.  781.
 781.  781.  781.  780.  779.  778.5 778.5 778.5 778.5 778.5 778.5 778.5
 778.5 778.  777.5 777.5 777.  777.  777.  777.  776.5 776.5 776.5 776.5
 776.5 776.  774.5 774.5 774.5 774.5 774.5 774.5 774.5 774.5 774.5 774.
 774.  774.  774.  774.  774.  774.  774.  774.  774.  774.  774.  774.
 774.  774.  774.  773.5 773.5 773.  773.  773.  773.  773.  773.  773. ]
