[682.  705.  486.  654.  747.5 733.  743.  614.  552.5 526.  656.  659.5
 324.  662.  667.5 436.  619.  642.  670.5 689.5 614.  702.  667.  499.5
 713.5 652.5 298.5 178.5 679.  700.5 720.  738.  345.  266.  412.5 656.
 778.  676.5 530.5 698.5 702.5 434.  742.  583.  515.5 658.  739.  676.5
 540.5 423.5 391.  732.  609.5 609.  716.5 478.5 365.  496.  632.  339.
 221.  494.5 715.5 705.5 505.5 479.5 352.  736.5 677.5 279.  697.  725.5
 778.  701.5 745.5 713.5 705.5 674.  557.5 512.  585.  631.  684.5 711.5
 486.  699.5 466.  732.  373.5 369.  618.5 464.5 750.  305.  735.5 694.5
 717.5 738.  751.5 625.5 484.5 603.  628.  602.5 630.  722.5 710.  739.5
 472.  537.5 688.  651.5 415.5 557.  463.5 542.  696.5 707.5 536.5 473.5
 375.  488.  486.5 727.  636.  720.  380.5 730.5 703.5 247.5 604.  473.
 663.  475.  510.5 659.  506.  674.5 702.5 755.  642.5 483.  679.  414.
 737.5 712.  535.  642.5 675.5 438.5 566.5 627.  527.  722.  690.5 602.5
 660.5 277.  710.  542.  724.  662.5 744.  301.5 410.  547.5 628.  459.
 708.5 405.  413.5 516.5 466.5 696.  692.5 480.  418.5 567.5 701.  453.
 680.  163.  726.5 571.  704.  561.5 652.5 688.  531.5 632.  579.5 671.
 640.5 545.  491.  428.5 516.  683.  638.  380.5 641.5 400.5 689.  562.5
 423.5 746.  454.5 587.  271.  189.5 589.  288.  710.  255.5 444.5 671.
 597.  571.5 479.  650.  668.  328.  335.5 660.5 677.5 619.5 570.  687.
 684.  546.5 179.  670.  624.  527.  585.5 634.  720.5 483.  393.5 308.
 701.5 528.  395.  634.5 740.  409.  403.5 314.  429.  575.  492.  723.5
 494.5 706.5 545.  654.5 711.5 715.  330.5 667.5 177.5 457.5 475.5 606.
 696.5 737.5 578.  189.  715.5 717.  720.5 604.  624.  420.5 727.  481.
 527.5 737.5 721.5 545.5 730.  506.5 503.  201.5 655.  716.  600.5 505.5
 670.  692.5 554.5 465.5 635.5 587.5 444.5 475.  443.  442.5 486.5 712.5
 452.5 463.5 427.  230.  693.5 672.  693.5 669.  467.  235.5 738.5 568.
 695.  725.  470.5 438.5 298.5 733.5 260.5 387.5 682.5 647.  612.5 631.
 377.5 538.5 741.5 714.  659.5 642.  716.  617.  492.5 697.5 672.5 720.
 543.5 458.5 733.  655.  676.5 520.  636.5 277.  707.  604.  747.5 268.5
 232.5 706.5 486.  693.5 285.  693.  650.  662.5 717.5 492.5 555.  738.5
 184.  270.5 722.5 710.  269.5 727.5 571.5 610.  500.5 694.  422.5 719.
 678.5 689.5 758.5 393.  496.5 256.5 561.5 547.5 195.  746.  192.5 565.
 712.5 717.5 174.5 515.5 693.5 364.  716.  649.  525.5 739.  698.5 774.5
 783.  514.5 582.5 406.5]
