[693.  719.5 683.  732.  723.  306.  669.5 705.5 327.5 716.5 692.  622.5
 601.  676.5 724.5 674.  656.5 402.5 737.5 380.  674.  737.5 750.  748.
 683.5 261.5 743.5 734.5 733.  651.5 739.  728.  753.  693.5 493.5 623.
 766.5 724.  604.  744.  722.  728.5 523.  668.5 232.5 412.  673.  259.5
 601.5 449.5 718.  442.5 523.  679.5 733.  732.  743.  751.  690.5 575.5
 253.  723.  733.5 640.  721.5 739.  570.5 718.5 590.  749.  743.5 735.
 296.5 732.  696.  732.5 697.5 603.  475.  540.5 722.  383.  724.  748.
 620.  551.5 739.  747.5 672.  661.5 567.5 727.  740.5 753.5 674.5 739.5
 451.  687.5 580.5 729.  718.  763.  739.  741.  762.  730.  747.  759.
 514.  782.  746.5 720.  481.  620.  590.  764.  763.5 773.5 375.5 615.
 645.5 278.  349.5 758.5 766.  182.  190.  754.5 746.5 740.5 425.  675.
 201.5 747.5 470.  740.5 332.5 512.5 686.  623.5 724.  731.  715.  384.5
 416.  467.  602.  732.  512.5 679.5 371.  333.  555.5 305.  740.5 706.
 187.5 637.5 436.5 317.  710.5 734.5 743.5 650.5 384.5 559.  345.5 760.5
 719.5 734.5 743.5 726.  754.5 730.  749.  722.  715.5 708.5 733.  625.5
 697.5 482.  513.  617.  728.  504.5 752.5 673.5 660.  747.  423.5 746.5
 457.  759.  291.5 436.  565.  763.  729.  690. ]
[782.  774.  773.5 773.5 773.  769.  768.  766.5 766.5 766.  766.  764.
 763.5 763.  763.  763.  762.5 762.  761.5 761.5 760.5 760.5 760.5 760.5
 760.5 759.  759.  758.5 758.5 754.5 754.5 754.5 753.5 753.5 753.5 753.
 752.5 751.  751.  750.  750.  749.5 749.  749.  748.  748.  748.  748.
 747.5 747.5 747.5 747.  747.  746.5 746.5 746.5 746.5 744.  744.  743.5
 743.5 743.5 743.5 743.5 743.5 743.5 743.5 743.  743.  742.5 742.5 741.
 741.  741.  741.  740.5 740.5 740.5 740.5 740.5 739.5 739.  739.  739.
 739.  739.  738.5 738.5 738.5 738.  737.5 737.5 735.  735.  734.5 734.5
 734.5 733.5 733.  733.  733.  733.  733.  732.5 732.5 732.  732.  732.
 732.  732.  732.  731.  731.  730.  730.  730.  730.  729.  729.  729.
 728.5 728.  728.  727.  727.  726.  726.  724.5 724.  724.  724.  723.5
 723.  723.  722.5 722.  722.  722.  722.  722.  722.  721.5 721.  720.
 719.5 719.5 719.  718.5 718.5 718.5 718.  718.  716.5 715.5 715.  713.5
 712.5 710.5 708.5 708.5 708.  706.  705.5 701.  697.5 697.5 696.5 696.
 696.  695.5 693.5 693.  692.  690.5 690.5 690.  688.5 687.5 687.5 686.
 683.5 683.  679.5 679.5 676.5 676.  675.  674.5 674.  674.  673.5 673.
 672.  669.5 668.5 666.5 664.5 661.5 660.  656.5]
[782.  782.  780.5 774.  773.5 773.5 773.  773.  773.  770.  769.  768.
 766.5 766.5 766.5 766.  766.  764.  763.5 763.5 763.  763.  763.  763.
 762.5 762.5 762.5 762.  762.  761.5 761.5 760.5 760.5 760.5 760.5 760.5
 760.5 760.  759.  759.  759.  758.5 758.5 758.5 757.  756.  754.5 754.5
 754.5 754.5 753.5 753.5 753.5 753.5 753.5 753.5 753.5 753.  752.5 752.5
 752.  751.  751.  751.  751.  751.  751.  751.  750.5 750.  750.  749.5
 749.5 749.  749.  749.  749.  748.5 748.  748.  748.  748.  747.5 747.5
 747.5 747.5 747.  747.  747.  746.5 746.5 746.5 746.5 746.5 746.  745.5
 745.  744.5 744.  744.  743.5 743.5 743.5 743.5 743.5 743.5 743.5 743.5
 743.  743.  742.5 742.5 741.  741.  741.  741.  741.  740.5 740.5 740.5
 740.5 740.5 740.5 740.5 740.5 740.  739.5 739.  739.  739.  739.  739.
 739.  739.  738.5 738.5 738.5 738.5 738.  737.5 737.5 736.  735.  735.
 735.  735.  734.5 734.5 734.5 734.5 734.5 733.5 733.  733.  733.  733.
 733.  732.5 732.5 732.5 732.  732.  732.  732.  732.  732.  731.  731.
 731.  730.  730.  730.  730.  729.5 729.  729.  729.  728.5 728.  728.
 728.  727.  727.  726.  726.  726.  726.  725.  724.5 724.  724.  724.
 723.5 723.5 723.  723.  722.5 722.5 722.  722. ]
[789.5 785.  783.  782.  782.  782.  780.5 778.  774.  774.  773.5 773.5
 773.5 773.5 773.  773.  773.  773.  773.  770.  770.  769.  768.  768.
 768.  767.  766.5 766.5 766.5 766.5 766.  766.  765.  765.  764.  764.
 763.5 763.5 763.  763.  763.  763.  763.  762.5 762.5 762.5 762.5 762.
 762.  762.  762.  762.  761.5 761.5 761.  760.5 760.5 760.5 760.5 760.5
 760.5 760.5 760.  759.5 759.5 759.  759.  759.  759.  759.  759.  759.
 759.  758.5 758.5 758.5 758.5 758.5 758.  757.  756.  755.  754.5 754.5
 754.5 754.5 754.5 754.  754.  753.5 753.5 753.5 753.5 753.5 753.5 753.5
 753.5 753.  752.5 752.5 752.5 752.5 752.  751.  751.  751.  751.  751.
 751.  751.  751.  751.  751.  750.5 750.5 750.  750.  749.5 749.5 749.5
 749.5 749.  749.  749.  749.  749.  748.5 748.  748.  748.  748.  747.5
 747.5 747.5 747.5 747.5 747.  747.  747.  747.  747.  746.5 746.5 746.5
 746.5 746.5 746.  745.5 745.  745.  744.5 744.  744.  743.5 743.5 743.5
 743.5 743.5 743.5 743.5 743.5 743.  743.  743.  743.  742.5 742.5 741.
 741.  741.  741.  741.  741.  740.5 740.5 740.5 740.5 740.5 740.5 740.5
 740.5 740.5 740.  740.  739.5 739.  739.  739.  739.  739.  739.  739.
 739.  738.5 738.5 738.5 738.5 738.  738.  738. ]
[790.  789.5 785.5 785.  785.  783.  783.  782.  782.  782.  782.  782.
 780.5 780.5 778.  778.  775.5 774.  774.  774.  773.5 773.5 773.5 773.5
 773.5 773.5 773.5 773.5 773.  773.  773.  773.  773.  773.  773.  770.5
 770.  770.  770.  769.  768.  768.  768.  768.  767.  766.5 766.5 766.5
 766.5 766.5 766.5 766.  766.  766.  765.  765.  764.5 764.  764.  764.
 763.5 763.5 763.5 763.5 763.5 763.5 763.  763.  763.  763.  763.  763.
 763.  762.5 762.5 762.5 762.5 762.  762.  762.  762.  762.  762.  762.
 761.5 761.5 761.5 761.  760.5 760.5 760.5 760.5 760.5 760.5 760.5 760.5
 760.5 760.5 760.  759.5 759.5 759.5 759.5 759.  759.  759.  759.  759.
 759.  759.  759.  759.  759.  759.  758.5 758.5 758.5 758.5 758.5 758.5
 758.  757.  756.  755.  754.5 754.5 754.5 754.5 754.5 754.5 754.5 754.
 754.  754.  754.  753.5 753.5 753.5 753.5 753.5 753.5 753.5 753.5 753.
 753.  752.5 752.5 752.5 752.5 752.5 752.  752.  751.  751.  751.  751.
 751.  751.  751.  751.  751.  751.  751.  751.  751.  750.5 750.5 750.
 750.  750.  750.  749.5 749.5 749.5 749.5 749.5 749.  749.  749.  749.
 749.  749.  748.5 748.  748.  748.  748.  748.  747.5 747.5 747.5 747.5
 747.5 747.5 747.  747.  747.  747.  747.  747. ]
[800.  796.5 793.5 791.5 790.  789.5 788.5 788.  785.5 785.  785.  784.
 783.  783.  782.  782.  782.  782.  782.  782.  780.5 780.5 778.  778.
 778.  778.  776.5 776.  775.5 775.5 774.  774.  774.  774.  774.  774.
 773.5 773.5 773.5 773.5 773.5 773.5 773.5 773.5 773.  773.  773.  773.
 773.  773.  773.  773.  773.  773.  770.5 770.  770.  770.  770.  769.
 768.  768.  768.  768.  768.  767.  767.  766.5 766.5 766.5 766.5 766.5
 766.5 766.5 766.5 766.  766.  766.  766.  766.  765.  765.  764.5 764.
 764.  764.  764.  764.  763.5 763.5 763.5 763.5 763.5 763.5 763.  763.
 763.  763.  763.  763.  763.  763.  763.  763.  763.  763.  763.  762.5
 762.5 762.5 762.5 762.5 762.  762.  762.  762.  762.  762.  762.  762.
 761.5 761.5 761.5 761.5 761.  761.  761.  761.  761.  760.5 760.5 760.5
 760.5 760.5 760.5 760.5 760.5 760.5 760.5 760.5 760.  760.  760.  759.5
 759.5 759.5 759.5 759.  759.  759.  759.  759.  759.  759.  759.  759.
 759.  759.  759.  758.5 758.5 758.5 758.5 758.5 758.5 758.5 758.  757.
 756.  756.  756.  755.  755.  754.5 754.5 754.5 754.5 754.5 754.5 754.5
 754.  754.  754.  754.  753.5 753.5 753.5 753.5 753.5 753.5 753.5 753.5
 753.  753.  753.  752.5 752.5 752.5 752.5 752.5]
[800.  800.  800.  796.5 796.5 793.5 791.5 790.  789.5 788.5 788.  788.
 785.5 785.5 785.  785.  785.  785.  785.  785.  785.  784.  783.  783.
 782.  782.  782.  782.  782.  782.  782.  782.  782.  782.  782.  780.5
 780.5 778.  778.  778.  778.  778.  776.5 776.  776.  776.  776.  776.
 775.5 775.5 774.  774.  774.  774.  774.  774.  774.  773.5 773.5 773.5
 773.5 773.5 773.5 773.5 773.5 773.5 773.5 773.5 773.5 773.5 773.  773.
 773.  773.  773.  773.  773.  773.  773.  773.  773.  770.5 770.  770.
 770.  770.  770.  769.  768.5 768.  768.  768.  768.  768.  767.  767.
 767.  766.5 766.5 766.5 766.5 766.5 766.5 766.5 766.5 766.  766.  766.
 766.  766.  766.  765.  765.  765.  764.5 764.5 764.  764.  764.  764.
 764.  764.  764.  763.5 763.5 763.5 763.5 763.5 763.5 763.5 763.  763.
 763.  763.  763.  763.  763.  763.  763.  763.  763.  763.  763.  763.
 763.  762.5 762.5 762.5 762.5 762.5 762.5 762.  762.  762.  762.  762.
 762.  762.  762.  761.5 761.5 761.5 761.5 761.  761.  761.  761.  761.
 760.5 760.5 760.5 760.5 760.5 760.5 760.5 760.5 760.5 760.5 760.5 760.
 760.  760.  760.  760.  759.5 759.5 759.5 759.5 759.  759.  759.  759.
 759.  759.  759.  759.  759.  759.  759.  759. ]
[807.5 800.  800.  800.  800.  796.5 796.5 793.5 793.  791.5 790.  789.5
 788.5 788.  788.  788.  788.  785.5 785.5 785.  785.  785.  785.  785.
 785.  785.  785.  785.  784.  783.  783.  782.  782.  782.  782.  782.
 782.  782.  782.  782.  782.  782.  782.  780.5 780.5 778.  778.  778.
 778.  778.  778.  778.  778.  778.  778.  778.  776.5 776.5 776.5 776.
 776.  776.  776.  776.  776.  776.  776.  775.5 775.5 774.  774.  774.
 774.  774.  774.  774.  774.  774.  774.  774.  774.  773.5 773.5 773.5
 773.5 773.5 773.5 773.5 773.5 773.5 773.5 773.5 773.5 773.5 773.5 773.5
 773.5 773.5 773.  773.  773.  773.  773.  773.  773.  773.  773.  773.
 773.  773.  773.  771.5 770.5 770.5 770.  770.  770.  770.  770.  770.
 770.  769.  768.5 768.  768.  768.  768.  768.  768.  768.  768.  767.
 767.  767.  766.5 766.5 766.5 766.5 766.5 766.5 766.5 766.5 766.  766.
 766.  766.  766.  766.  765.  765.  765.  764.5 764.5 764.  764.  764.
 764.  764.  764.  764.  764.  763.5 763.5 763.5 763.5 763.5 763.5 763.5
 763.  763.  763.  763.  763.  763.  763.  763.  763.  763.  763.  763.
 763.  763.  763.  763.  762.5 762.5 762.5 762.5 762.5 762.5 762.5 762.5
 762.  762.  762.  762.  762.  762.  762.  762. ]
[807.5 807.5 800.  800.  800.  800.  800.  800.  796.5 796.5 796.5 793.5
 793.5 793.  791.5 790.  789.5 788.5 788.  788.  788.  788.  788.  788.
 785.5 785.5 785.  785.  785.  785.  785.  785.  785.  785.  785.  785.
 784.  783.  783.  782.  782.  782.  782.  782.  782.  782.  782.  782.
 782.  782.  782.  782.  782.  782.  780.5 780.5 780.5 778.  778.  778.
 778.  778.  778.  778.  778.  778.  778.  778.  778.  778.  778.  777.
 776.5 776.5 776.5 776.5 776.5 776.  776.  776.  776.  776.  776.  776.
 776.  776.  776.  775.5 775.5 774.  774.  774.  774.  774.  774.  774.
 774.  774.  774.  774.  774.  773.5 773.5 773.5 773.5 773.5 773.5 773.5
 773.5 773.5 773.5 773.5 773.5 773.5 773.5 773.5 773.5 773.5 773.5 773.5
 773.  773.  773.  773.  773.  773.  773.  773.  773.  773.  773.  773.
 773.  771.5 770.5 770.5 770.  770.  770.  770.  770.  770.  770.  769.
 768.5 768.5 768.  768.  768.  768.  768.  768.  768.  768.  767.  767.
 767.  767.  766.5 766.5 766.5 766.5 766.5 766.5 766.5 766.5 766.  766.
 766.  766.  766.  766.  766.  765.  765.  765.  764.5 764.5 764.  764.
 764.  764.  764.  764.  764.  764.  764.  764.  763.5 763.5 763.5 763.5
 763.5 763.5 763.5 763.5 763.5 763.  763.  763. ]
[807.5 807.5 807.5 800.  800.  800.  800.  800.  800.  800.  800.  796.5
 796.5 796.5 796.5 796.5 793.5 793.5 793.5 793.  791.5 791.5 790.  789.5
 788.5 788.  788.  788.  788.  788.  788.  785.5 785.5 785.  785.  785.
 785.  785.  785.  785.  785.  785.  785.  785.  785.  785.  785.  784.
 783.  783.  783.  782.  782.  782.  782.  782.  782.  782.  782.  782.
 782.  782.  782.  782.  782.  782.  782.  782.  782.  782.  780.5 780.5
 780.5 780.5 778.  778.  778.  778.  778.  778.  778.  778.  778.  778.
 778.  778.  778.  778.  778.  778.  777.5 777.  777.  776.5 776.5 776.5
 776.5 776.5 776.5 776.  776.  776.  776.  776.  776.  776.  776.  776.
 776.  776.  776.  775.5 775.5 774.  774.  774.  774.  774.  774.  774.
 774.  774.  774.  774.  774.  774.  773.5 773.5 773.5 773.5 773.5 773.5
 773.5 773.5 773.5 773.5 773.5 773.5 773.5 773.5 773.5 773.5 773.5 773.5
 773.5 773.5 773.5 773.  773.  773.  773.  773.  773.  773.  773.  773.
 773.  773.  773.  773.  773.  771.5 770.5 770.5 770.  770.  770.  770.
 770.  770.  770.  769.  768.5 768.5 768.5 768.  768.  768.  768.  768.
 768.  768.  768.  767.  767.  767.  767.  766.5 766.5 766.5 766.5 766.5
 766.5 766.5 766.5 766.  766.  766.  766.  766. ]
[807.5 807.5 807.5 807.5 803.5 800.5 800.  800.  800.  800.  800.  800.
 800.  800.  800.  800.  800.  800.  800.  800.  796.5 796.5 796.5 796.5
 796.5 796.5 796.5 796.5 796.5 793.5 793.5 793.5 793.5 793.  791.5 791.5
 791.5 791.5 791.5 790.  789.5 789.5 788.5 788.  788.  788.  788.  788.
 788.  788.  788.  785.5 785.5 785.5 785.  785.  785.  785.  785.  785.
 785.  785.  785.  785.  785.  785.  785.  785.  785.  785.  784.5 784.
 783.  783.  783.  783.  782.  782.  782.  782.  782.  782.  782.  782.
 782.  782.  782.  782.  782.  782.  782.  782.  782.  782.  782.  782.
 782.  782.  781.5 781.  780.5 780.5 780.5 780.5 780.5 780.5 779.  778.
 778.  778.  778.  778.  778.  778.  778.  778.  778.  778.  778.  778.
 778.  778.  778.  778.  778.  777.5 777.  777.  777.  776.5 776.5 776.5
 776.5 776.5 776.5 776.5 776.  776.  776.  776.  776.  776.  776.  776.
 776.  776.  776.  776.  776.  776.  775.5 775.5 774.  774.  774.  774.
 774.  774.  774.  774.  774.  774.  774.  774.  774.  774.  773.5 773.5
 773.5 773.5 773.5 773.5 773.5 773.5 773.5 773.5 773.5 773.5 773.5 773.5
 773.5 773.5 773.5 773.5 773.5 773.5 773.5 773.  773.  773.  773.  773.
 773.  773.  773.  773.  773.  773.  773.  773. ]
[817.  807.5 807.5 807.5 807.5 807.5 807.5 807.5 803.5 800.5 800.  800.
 800.  800.  800.  800.  800.  800.  800.  800.  800.  800.  800.  800.
 800.  800.  800.  800.  800.  796.5 796.5 796.5 796.5 796.5 796.5 796.5
 796.5 796.5 796.5 796.5 796.5 796.5 796.5 796.  793.5 793.5 793.5 793.5
 793.5 793.  791.5 791.5 791.5 791.5 791.5 791.5 790.  790.  789.5 789.5
 788.5 788.5 788.  788.  788.  788.  788.  788.  788.  788.  788.  788.
 787.  785.5 785.5 785.5 785.5 785.  785.  785.  785.  785.  785.  785.
 785.  785.  785.  785.  785.  785.  785.  785.  785.  785.  785.  785.
 785.  785.  785.  784.5 784.  783.  783.  783.  783.  783.  783.  782.
 782.  782.  782.  782.  782.  782.  782.  782.  782.  782.  782.  782.
 782.  782.  782.  782.  782.  782.  782.  782.  782.  782.  782.  782.
 781.5 781.  780.5 780.5 780.5 780.5 780.5 780.5 780.5 779.  778.5 778.
 778.  778.  778.  778.  778.  778.  778.  778.  778.  778.  778.  778.
 778.  778.  778.  778.  778.  778.  778.  777.5 777.  777.  777.  777.
 776.5 776.5 776.5 776.5 776.5 776.5 776.5 776.  776.  776.  776.  776.
 776.  776.  776.  776.  776.  776.  776.  776.  776.  776.  775.5 775.5
 774.  774.  774.  774.  774.  774.  774.  774. ]
[817.  817.  810.5 807.5 807.5 807.5 807.5 807.5 807.5 807.5 807.5 803.5
 803.5 803.5 800.5 800.  800.  800.  800.  800.  800.  800.  800.  800.
 800.  800.  800.  800.  800.  800.  800.  800.  800.  800.  800.  800.
 800.  800.  800.  800.  800.  800.  796.5 796.5 796.5 796.5 796.5 796.5
 796.5 796.5 796.5 796.5 796.5 796.5 796.5 796.5 796.5 796.  793.5 793.5
 793.5 793.5 793.5 793.5 793.5 793.  791.5 791.5 791.5 791.5 791.5 791.5
 791.5 790.  790.  789.5 789.5 788.5 788.5 788.  788.  788.  788.  788.
 788.  788.  788.  788.  788.  788.  787.  787.  785.5 785.5 785.5 785.5
 785.5 785.  785.  785.  785.  785.  785.  785.  785.  785.  785.  785.
 785.  785.  785.  785.  785.  785.  785.  785.  785.  785.  785.  785.
 784.5 784.  783.  783.  783.  783.  783.  783.  783.  782.  782.  782.
 782.  782.  782.  782.  782.  782.  782.  782.  782.  782.  782.  782.
 782.  782.  782.  782.  782.  782.  782.  782.  782.  782.  781.5 781.
 780.5 780.5 780.5 780.5 780.5 780.5 780.5 779.  779.  778.5 778.  778.
 778.  778.  778.  778.  778.  778.  778.  778.  778.  778.  778.  778.
 778.  778.  778.  778.  778.  778.  778.  778.  777.5 777.  777.  777.
 777.  777.  776.5 776.5 776.5 776.5 776.5 776.5]
[817.  817.  811.  810.5 807.5 807.5 807.5 807.5 807.5 807.5 807.5 807.5
 807.5 807.5 807.5 807.5 807.5 803.5 803.5 803.5 803.5 802.5 800.5 800.
 800.  800.  800.  800.  800.  800.  800.  800.  800.  800.  800.  800.
 800.  800.  800.  800.  800.  800.  800.  800.  800.  800.  800.  800.
 800.  800.  800.  800.  800.  800.  800.  800.  800.  796.5 796.5 796.5
 796.5 796.5 796.5 796.5 796.5 796.5 796.5 796.5 796.5 796.5 796.5 796.5
 796.5 796.5 796.5 796.5 796.5 796.5 796.  794.  793.5 793.5 793.5 793.5
 793.5 793.5 793.5 793.5 793.  791.5 791.5 791.5 791.5 791.5 791.5 791.5
 791.5 791.5 790.  790.  789.5 789.5 788.5 788.5 788.5 788.  788.  788.
 788.  788.  788.  788.  788.  788.  788.  788.  788.  787.  787.  785.5
 785.5 785.5 785.5 785.5 785.5 785.5 785.  785.  785.  785.  785.  785.
 785.  785.  785.  785.  785.  785.  785.  785.  785.  785.  785.  785.
 785.  785.  785.  785.  785.  785.  784.5 784.  783.  783.  783.  783.
 783.  783.  783.  782.  782.  782.  782.  782.  782.  782.  782.  782.
 782.  782.  782.  782.  782.  782.  782.  782.  782.  782.  782.  782.
 782.  782.  782.  782.  781.5 781.  780.5 780.5 780.5 780.5 780.5 780.5
 780.5 779.  779.  778.5 778.  778.  778.  778. ]
[817.  817.  811.  811.  811.  810.5 807.5 807.5 807.5 807.5 807.5 807.5
 807.5 807.5 807.5 807.5 807.5 807.5 807.5 807.5 807.5 807.5 807.5 807.5
 807.5 803.5 803.5 803.5 803.5 802.5 800.5 800.  800.  800.  800.  800.
 800.  800.  800.  800.  800.  800.  800.  800.  800.  800.  800.  800.
 800.  800.  800.  800.  800.  800.  800.  800.  800.  800.  800.  800.
 800.  800.  800.  800.  800.  800.  800.  800.  800.  800.  800.  800.
 796.5 796.5 796.5 796.5 796.5 796.5 796.5 796.5 796.5 796.5 796.5 796.5
 796.5 796.5 796.5 796.5 796.5 796.5 796.5 796.5 796.5 796.5 796.5 796.
 794.  793.5 793.5 793.5 793.5 793.5 793.5 793.5 793.5 793.5 793.5 793.
 791.5 791.5 791.5 791.5 791.5 791.5 791.5 791.5 791.5 790.  790.  789.5
 789.5 789.5 788.5 788.5 788.5 788.  788.  788.  788.  788.  788.  788.
 788.  788.  788.  788.  788.  788.  788.  787.  787.  785.5 785.5 785.5
 785.5 785.5 785.5 785.5 785.  785.  785.  785.  785.  785.  785.  785.
 785.  785.  785.  785.  785.  785.  785.  785.  785.  785.  785.  785.
 785.  785.  785.  785.  785.  784.5 784.  783.  783.  783.  783.  783.
 783.  783.  783.  782.  782.  782.  782.  782.  782.  782.  782.  782.
 782.  782.  782.  782.  782.  782.  782.  782. ]
[817.  817.  817.  817.  811.  811.  811.  811.  810.5 807.5 807.5 807.5
 807.5 807.5 807.5 807.5 807.5 807.5 807.5 807.5 807.5 807.5 807.5 807.5
 807.5 807.5 807.5 807.5 807.5 807.5 807.5 803.5 803.5 803.5 803.5 803.5
 803.5 803.5 802.5 800.5 800.  800.  800.  800.  800.  800.  800.  800.
 800.  800.  800.  800.  800.  800.  800.  800.  800.  800.  800.  800.
 800.  800.  800.  800.  800.  800.  800.  800.  800.  800.  800.  800.
 800.  800.  800.  800.  800.  800.  800.  800.  800.  800.  800.  800.
 800.  800.  796.5 796.5 796.5 796.5 796.5 796.5 796.5 796.5 796.5 796.5
 796.5 796.5 796.5 796.5 796.5 796.5 796.5 796.5 796.5 796.5 796.5 796.5
 796.5 796.5 796.5 796.5 796.5 796.  794.  793.5 793.5 793.5 793.5 793.5
 793.5 793.5 793.5 793.5 793.5 793.5 793.5 793.5 793.  793.  791.5 791.5
 791.5 791.5 791.5 791.5 791.5 791.5 791.5 791.5 790.  790.  789.5 789.5
 789.5 788.5 788.5 788.5 788.5 788.  788.  788.  788.  788.  788.  788.
 788.  788.  788.  788.  788.  788.  788.  788.  788.  788.  787.  787.
 785.5 785.5 785.5 785.5 785.5 785.5 785.5 785.  785.  785.  785.  785.
 785.  785.  785.  785.  785.  785.  785.  785.  785.  785.  785.  785.
 785.  785.  785.  785.  785.  785.  785.  785. ]
[817.  817.  817.  817.  811.  811.  811.  811.  811.  810.5 807.5 807.5
 807.5 807.5 807.5 807.5 807.5 807.5 807.5 807.5 807.5 807.5 807.5 807.5
 807.5 807.5 807.5 807.5 807.5 807.5 807.5 807.5 807.5 807.5 807.5 807.5
 807.5 807.5 803.5 803.5 803.5 803.5 803.5 803.5 803.5 803.5 803.5 803.5
 803.5 802.5 800.5 800.  800.  800.  800.  800.  800.  800.  800.  800.
 800.  800.  800.  800.  800.  800.  800.  800.  800.  800.  800.  800.
 800.  800.  800.  800.  800.  800.  800.  800.  800.  800.  800.  800.
 800.  800.  800.  800.  800.  800.  800.  800.  800.  800.  800.  800.
 800.  800.  800.  800.  800.  800.  800.  800.  800.  800.  796.5 796.5
 796.5 796.5 796.5 796.5 796.5 796.5 796.5 796.5 796.5 796.5 796.5 796.5
 796.5 796.5 796.5 796.5 796.5 796.5 796.5 796.5 796.5 796.5 796.5 796.5
 796.5 796.5 796.  794.  793.5 793.5 793.5 793.5 793.5 793.5 793.5 793.5
 793.5 793.5 793.5 793.5 793.5 793.5 793.  793.  793.  792.  791.5 791.5
 791.5 791.5 791.5 791.5 791.5 791.5 791.5 791.5 790.  790.  789.5 789.5
 789.5 788.5 788.5 788.5 788.5 788.  788.  788.  788.  788.  788.  788.
 788.  788.  788.  788.  788.  788.  788.  788.  788.  788.  788.  787.
 787.  785.5 785.5 785.5 785.5 785.5 785.5 785.5]
[817.  817.  817.  817.  817.  817.  811.  811.  811.  811.  811.  811.
 811.  811.  810.5 807.5 807.5 807.5 807.5 807.5 807.5 807.5 807.5 807.5
 807.5 807.5 807.5 807.5 807.5 807.5 807.5 807.5 807.5 807.5 807.5 807.5
 807.5 807.5 807.5 807.5 807.5 807.5 807.5 807.5 807.5 807.5 807.5 807.5
 807.5 807.5 807.5 803.5 803.5 803.5 803.5 803.5 803.5 803.5 803.5 803.5
 803.5 803.5 803.5 803.5 802.5 800.5 800.  800.  800.  800.  800.  800.
 800.  800.  800.  800.  800.  800.  800.  800.  800.  800.  800.  800.
 800.  800.  800.  800.  800.  800.  800.  800.  800.  800.  800.  800.
 800.  800.  800.  800.  800.  800.  800.  800.  800.  800.  800.  800.
 800.  800.  800.  800.  800.  800.  800.  800.  800.  800.  800.  800.
 800.  800.  800.  800.  800.  800.  800.  800.  800.  800.  796.5 796.5
 796.5 796.5 796.5 796.5 796.5 796.5 796.5 796.5 796.5 796.5 796.5 796.5
 796.5 796.5 796.5 796.5 796.5 796.5 796.5 796.5 796.5 796.5 796.5 796.5
 796.5 796.5 796.5 796.5 796.  794.  793.5 793.5 793.5 793.5 793.5 793.5
 793.5 793.5 793.5 793.5 793.5 793.5 793.5 793.5 793.  793.  793.  792.
 792.  791.5 791.5 791.5 791.5 791.5 791.5 791.5 791.5 791.5 791.5 791.5
 791.  790.  790.  789.5 789.5 789.5 788.5 788.5]
