[0, -5, 10.471975511965978]
[1, -4, 10.471975511965978]
[1, -2, 7.563093425308762]
[0, -5, 10.471975511965978]
[0, -4, 10.471975511965978]
[1, -3, 7.563093425308762]
[1, -5, 10.471975511965978]
[1, -3, 7.563093425308762]
[1, -6, 15.541741434425695]
[1, -4, 10.471975511965978]
[1, -3, 7.563093425308762]
[1, -4, 10.471975511965978]
[0, -4, 10.471975511965978]
[0, -3, 7.563093425308762]
[0, -2, 7.563093425308762]
[1, -2, 7.563093425308762]
[0, -2, 7.563093425308762]
[0, -2, 7.563093425308762]
[1, -5, 10.471975511965978]
[1, -5, 10.471975511965978]
[1, -6, 15.541741434425695]
[1, -4, 10.471975511965978]
[0, -2, 7.563093425308762]
[0, -3, 7.563093425308762]
[1, -4, 10.471975511965978]
[0, -2, 7.563093425308762]
[1, -3, 7.563093425308762]
[1, -2, 7.563093425308762]
[1, -5, 10.471975511965978]
[1, -2, 7.563093425308762]
[0, -5, 10.471975511965978]
[0, -6, 15.541741434425695]
[1, -3, 7.563093425308762]
[1, -6, 15.541741434425695]
[1, -3, 7.563093425308762]
[1, -2, 7.563093425308762]
[1, -2, 7.563093425308762]
[0, -2, 7.563093425308762]
[0, -2, 7.563093425308762]
[0, -5, 10.471975511965978]
[1, -4, 10.471975511965978]
[0, -5, 10.471975511965978]
[1, -6, 15.541741434425695]
[0, -2, 7.563093425308762]
[1, -6, 15.541741434425695]
[0, -2, 7.563093425308762]
[0, -2, 7.563093425308762]
[0, -2, 7.563093425308762]
[0, -3, 7.563093425308762]
[0, -4, 10.471975511965978]
[1, -3, 7.563093425308762]
[0, -3, 7.563093425308762]
[0, -6, 15.541741434425695]
[1, -2, 7.563093425308762]
[1, -5, 10.471975511965978]
[1, -6, 15.541741434425695]
[0, -4, 10.471975511965978]
[0, -6, 15.541741434425695]
[1, -4, 10.471975511965978]
[0, -2, 7.563093425308762]
[0, -2, 7.563093425308762]
[1, -5, 10.471975511965978]
[1, -5, 10.471975511965978]
