[667.  716.  511.  640.  752.5 739.  743.  634.  510.5 552.  683.  686.5
 289.  653.  666.5 437.  615.  652.  678.5 694.5 624.  715.  674.  490.5
 697.5 662.5 265.5 190.5 708.  717.5 761.  733.  357.  259.  398.5 663.
 742.  649.5 547.5 697.5 736.5 410.  736.  602.  539.5 661.  736.  690.5
 513.5 434.5 382.  729.  596.5 581.  751.5 491.5 370.  509.  657.  398.
 238.  531.5 723.5 696.5 524.5 475.5 355.  763.5 693.5 282.  719.  715.5
 752.  700.5 763.5 685.5 691.5 685.  533.5 528.  579.  645.  658.5 689.5
 513.  714.5 498.  708.  358.5 372.  593.5 473.5 738.  331.  755.5 685.5
 736.5 758.  740.5 640.5 488.5 617.  591.  622.5 639.  704.5 701.  746.5
 459.  518.5 675.  665.5 398.5 572.  462.5 563.  686.5 719.5 516.5 508.5
 376.  450.  496.5 714.  645.  730.  374.5 724.5 675.5 250.5 612.  457.
 660.  487.  537.5 681.  492.  632.5 693.5 739.  644.5 454.  704.  395.
 746.5 716.  541.  641.5 651.5 433.5 554.5 608.  531.  722.  677.5 586.5
 638.5 278.  685.  523.  715.  624.5 751.  296.5 417.  545.5 618.  475.
 699.5 396.  389.5 516.5 443.5 697.  676.5 453.  425.5 551.5 695.  461. ]
