[692.  713.5 686.  737.  727.  306.  650.5 740.5 319.5 711.5 667.  636.5
 582.  681.5 744.5 654.  632.5 367.5 753.5 406. ]
[772.  763.5 756.  753.5 744.5 740.5 737.  727.  725.  713.5 711.5 705.5
 705.  699.5 692.  686.  681.5 667.  654.  650.5]
[812.  809.5 786.  783.5 772.  763.5 763.5 756.  753.5 751.  744.5 740.5
 740.5 737.  736.  727.  725.  713.5 711.5 708. ]
[812.  812.  809.5 798.  786.  783.5 772.  763.5 763.5 763.5 763.  762.
 759.5 757.  756.  753.5 751.  744.5 740.5 740.5]
[812.  812.  809.5 809.5 798.  786.  786.  783.5 776.5 772.  768.5 763.5
 763.5 763.5 763.  762.  759.5 757.  756.  753.5]
[812.  812.  812.  809.5 809.5 809.5 809.5 798.  786.  786.  784.  783.5
 776.5 772.  768.5 763.5 763.5 763.5 763.  762. ]
[812.  812.  812.  809.5 809.5 809.5 809.5 798.  786.  786.  784.  783.5
 776.5 772.  768.5 763.5 763.5 763.5 763.  762. ]
[812.  812.  812.  812.  812.  809.5 809.5 809.5 809.5 809.5 809.5 809.5
 798.  786.  786.  784.  783.5 783.5 776.5 776.5]
[812.  812.  812.  812.  812.  812.  809.5 809.5 809.5 809.5 809.5 809.5
 809.5 798.  786.  786.  784.  783.5 783.5 776.5]
