[680.  740.  495.  650.  773.5 704.  730.  656.  515.5 532.  661.  685.5
 302.  644.  674.5 436.  620.  647.  673.5 709.5 637.  707.  673.  501.5
 700.5 677.5 312.5 194.5 707.  705.5 771.  752.  357.  245.  423.5 647.
 758.  685.5 529.5 707.5 691.5 415.  716.  613.  539.5 623.  729.  686.5
 509.5 443.5 394.  733.  604.5 611.  724.5 497.5 381.  500.  665.  329.
 246.  514.5 701.5 705.5 520.5 513.5 347.  760.5 697.5 287.  707.  710.5
 746.  706.5 756.5 694.5 693.5 664.  539.5 507.  579.  633.  699.5 685.5
 506.  719.5 468.  718.  375.5 358.  602.5 441.5 764.  321.  750.5 700.5
 754.5 734.  746.5 656.5 457.5 633.  642.  605.5 635.  719.5 690.  736.5
 473.  510.5 671.  667.5 403.5 580.  476.5 584.  690.5 720.5 526.5 454.5
 395.  473.  505.5 731.  642.  705.  383.5 726.5 720.5 267.5 633.  451.
 648.  487.  501.5 653.  507.  670.5 688.5 745. ]
