[703.  726.5 647.  737.  712.  315.  673.5 718.5 373.5 667.5 687.  647.5
 603.  687.5 725.5 645.  649.5 388.5 750.5 399.  682.  719.5 755.  736.
 678.5 250.5 753.5 716.5 753.  659.5 778.  695.  754.  700.5 507.5 637.
 736.5 706.  614.  744.  728.  714.5 521.  677.5 227.5 437.  660.  261.5
 598.5 456.5 745.  429.5 521.  691.5 726.  728.  736.  724.  684.5 605.5
 245.  712.  746.5 612.  705.5 730.  552.5 737.5 618.  755.  730.5 715.
 310.5 734.  693.  718.5 703.5 561.  494.  533.5 730.  374.  728.  749.
 632.  553.5 734.  731.5 668.  673.5 566.5 729.  736.5 754.5 641.5 717.5
 453.  655.5 570.5 728.  729.  769.  745.  758.  762.  765.  753.  755.
 564.  762.  742.5 688.  481.  622.  598.  768.  742.5 771.5 342.5 625.
 639.5 256.  297.5 758.5 746.  185.  174.  714.5 708.5 764.5 444.  696.
 194.5 728.5 436.  740.5 356.5 481.5 730.  621.5 695.  729.  733.  390.5
 413.  450.  611.  724.  519.5 702.5 351.  320.  543.5 292.  715.5 708.
 180.5 638.5 395.5 333.  719.5 722.5 762.5 627.5 389.5 525.  357.5 752.5
 733.5 729.5 749.5 729.  746.5 722.  746.  729.  718.5 695.5 745.  641.5
 699.5 486.  498.  592.  745.  491.5 709.5 646.5 635.  756.  415.5 749.5
 433.  727.  312.5 454.  564.  734.  736.  697.  705.  524.5 691.  637.
 504.  716.5 746.  403.5 581.5 351.5 710.5 648.5 624.5 713.5 697.  724.
 460.  474.  320.  592.5]
[786.5 785.5 782.  778.  778.  775.5 771.5 769.  768.  768.  765.  765.
 764.5 762.5 762.  762.  762.  762.  761.  760.5 758.5 758.  756.  755.
 755.  755.  755.  754.5 754.  753.5 753.5 753.  753.  753.  753.  752.5
 752.5 750.5 750.5 749.5 749.5 749.  749.  746.5 746.5 746.5 746.  746.
 746.  746.  746.  746.  745.  745.  745.  745.  745.  744.5 744.5 744.
 744.  744.  744.  743.  742.5 742.5 740.5 740.5 738.5 738.  737.5 737.
 737.  737.  736.5 736.5 736.  736.  736.  736.  736.  735.5 735.  735.
 734.  734.  734.  734.  733.5 733.5 733.  733.  733.  733.  731.5 731.5
 730.5 730.5 730.  730.  730.  729.5 729.5 729.  729.  729.  729.  729.
 728.5 728.5 728.5 728.  728.  728.  728.  728.  728.  727.  727.  727.
 726.5 726.  725.5 725.5 725.5 725.  724.5 724.  724.  724.  724.  724.
 723.  722.5 722.5 722.  721.  719.5 719.5 719.5 718.5 718.5 718.5 718.5
 717.5 717.  717.  716.5 716.5 716.5 716.  716.  715.5 715.  714.5 714.5
 713.5 713.5 713.5 713.  712.  712.  712.  712.  712.  711.  710.5 710.5
 709.5 709.  709.  708.5 708.5 708.  708.  707.  706.  705.5 705.5 705.
 704.5 704.5 703.5 703.  702.5 700.5 699.5 697.  697.  696.5 696.  695.5
 695.  695.  693.5 693.  692.  692.  691.5 691.5 691.  688.  687.5 687.
 684.5 682.  678.5 678.5 677.5 673.5 673.5 673.5 673.5 668.  667.5 660.
 660.  659.5 655.5 649.5]
[800.  786.5 786.5 785.5 785.5 782.  782.  778.  778.  778.  775.5 774.
 771.5 771.5 771.5 771.5 769.  768.  768.  768.  766.5 765.5 765.  765.
 765.  764.5 762.5 762.  762.  762.  762.  762.  762.  762.  761.  760.5
 760.5 758.5 758.5 758.5 758.5 758.  757.  756.  755.5 755.5 755.  755.
 755.  755.  754.5 754.5 754.  753.5 753.5 753.  753.  753.  753.  752.5
 752.5 752.5 752.5 751.  751.  751.  750.5 750.5 749.5 749.5 749.  749.
 749.  749.  748.5 747.  747.  746.5 746.5 746.5 746.  746.  746.  746.
 746.  746.  746.  746.  746.  746.  746.  746.  745.  745.  745.  745.
 745.  745.  745.  744.5 744.5 744.5 744.5 744.5 744.  744.  744.  744.
 744.  743.5 743.  743.  743.  743.  743.  742.5 742.5 742.5 741.5 741.
 740.5 740.5 740.  739.5 738.5 738.5 738.  737.5 737.5 737.  737.  737.
 737.  737.  737.  736.5 736.5 736.5 736.  736.  736.  736.  736.  735.5
 735.5 735.  735.  735.  735.  735.  734.  734.  734.  734.  733.5 733.5
 733.  733.  733.  733.  733.  733.  732.  732.  731.5 731.5 731.5 731.5
 730.5 730.5 730.  730.  730.  729.5 729.5 729.  729.  729.  729.  729.
 729.  728.5 728.5 728.5 728.5 728.  728.  728.  728.  728.  728.  728.
 728.  728.  728.  727.  727.  727.  727.  726.5 726.  725.5 725.5 725.5
 725.  724.5 724.  724.  724.  724.  724.  724.  724.  724.  723.  722.5
 722.5 722.  721.5 721. ]
[800.  800.  786.5 786.5 785.5 785.5 784.  783.  782.  782.  782.  780.
 778.  778.  778.  777.5 775.5 775.5 774.  772.  771.5 771.5 771.5 771.5
 771.5 771.5 770.5 769.  769.  768.  768.  768.  768.  767.  766.5 765.5
 765.  765.  765.  764.5 762.5 762.  762.  762.  762.  762.  762.  762.
 762.  761.5 761.  760.5 760.5 760.  759.5 759.5 758.5 758.5 758.5 758.5
 758.5 758.  758.  757.5 757.5 757.  757.  757.  756.  756.  755.5 755.5
 755.5 755.  755.  755.  755.  755.  754.5 754.5 754.5 754.  754.  754.
 753.5 753.5 753.5 753.  753.  753.  753.  752.5 752.5 752.5 752.5 752.5
 752.5 752.  751.  751.  751.  751.  750.5 750.5 750.  749.5 749.5 749.5
 749.  749.  749.  749.  749.  748.5 748.  748.  748.  747.  747.  747.
 747.  747.  746.5 746.5 746.5 746.5 746.  746.  746.  746.  746.  746.
 746.  746.  746.  746.  746.  746.  745.  745.  745.  745.  745.  745.
 745.  745.  745.  744.5 744.5 744.5 744.5 744.5 744.5 744.  744.  744.
 744.  744.  743.5 743.5 743.5 743.5 743.  743.  743.  743.  743.  743.
 742.5 742.5 742.5 742.  742.  741.5 741.5 741.  741.  740.5 740.5 740.
 739.5 739.5 739.  738.5 738.5 738.  738.  737.5 737.5 737.5 737.  737.
 737.  737.  737.  737.  737.  737.  737.  736.5 736.5 736.5 736.  736.
 736.  736.  736.  736.  736.  735.5 735.5 735.5 735.  735.  735.  735.
 735.  735.  734.  734. ]
[800.  800.  800.  800.  800.  800.  797.  793.  786.5 786.5 785.5 785.5
 785.5 785.5 784.  784.  783.  782.  782.  782.  782.  782.  780.  780.
 779.  778.5 778.  778.  778.  777.5 775.5 775.5 775.5 774.  773.5 772.
 771.5 771.5 771.5 771.5 771.5 771.5 771.5 771.5 770.5 770.5 769.  769.
 769.  768.  768.  768.  768.  768.  767.  767.  766.5 765.5 765.  765.
 765.  764.5 764.5 764.5 763.5 763.5 762.5 762.  762.  762.  762.  762.
 762.  762.  762.  762.  762.  761.5 761.  761.  760.5 760.5 760.  759.5
 759.5 759.  758.5 758.5 758.5 758.5 758.5 758.5 758.  758.  757.5 757.5
 757.  757.  757.  757.  756.5 756.  756.  755.5 755.5 755.5 755.  755.
 755.  755.  755.  755.  754.5 754.5 754.5 754.  754.  754.  754.  754.
 753.5 753.5 753.5 753.5 753.  753.  753.  753.  752.5 752.5 752.5 752.5
 752.5 752.5 752.  751.5 751.  751.  751.  751.  751.  750.5 750.5 750.5
 750.  750.  749.5 749.5 749.5 749.  749.  749.  749.  749.  748.5 748.
 748.  748.  748.  747.  747.  747.  747.  747.  746.5 746.5 746.5 746.5
 746.  746.  746.  746.  746.  746.  746.  746.  746.  746.  746.  746.
 746.  746.  746.  745.  745.  745.  745.  745.  745.  745.  745.  745.
 745.  744.5 744.5 744.5 744.5 744.5 744.5 744.  744.  744.  744.  744.
 744.  743.5 743.5 743.5 743.5 743.  743.  743.  743.  743.  743.  742.5
 742.5 742.5 742.5 742. ]
[801.  800.  800.  800.  800.  800.  800.  797.  793.  793.  791.5 791.5
 788.5 786.5 786.5 785.5 785.5 785.5 785.5 785.5 785.5 785.5 784.5 784.5
 784.  784.  784.  783.  783.  782.  782.  782.  782.  782.  782.  782.
 780.  780.  780.  779.  778.5 778.  778.  778.  778.  777.5 775.5 775.5
 775.5 775.5 774.  774.  773.5 773.  772.  771.5 771.5 771.5 771.5 771.5
 771.5 771.5 771.5 771.5 771.5 771.  770.5 770.5 770.5 769.5 769.  769.
 769.  769.  769.  768.  768.  768.  768.  768.  768.  767.  767.  767.
 766.5 766.5 766.  765.5 765.5 765.  765.  765.  764.5 764.5 764.5 764.5
 763.5 763.5 763.5 762.5 762.5 762.  762.  762.  762.  762.  762.  762.
 762.  762.  762.  762.  761.5 761.5 761.5 761.  761.  761.  761.  760.5
 760.5 760.  760.  759.5 759.5 759.  759.  758.5 758.5 758.5 758.5 758.5
 758.5 758.5 758.5 758.  758.  758.  758.  757.5 757.5 757.  757.  757.
 757.  756.5 756.5 756.5 756.  756.  756.  756.  755.5 755.5 755.5 755.5
 755.  755.  755.  755.  755.  755.  755.  755.  754.5 754.5 754.5 754.
 754.  754.  754.  754.  754.  754.  754.  754.  753.5 753.5 753.5 753.5
 753.  753.  753.  753.  753.  753.  752.5 752.5 752.5 752.5 752.5 752.5
 752.  752.  752.  752.  751.5 751.  751.  751.  751.  751.  751.  751.
 750.5 750.5 750.5 750.5 750.  750.  749.5 749.5 749.5 749.  749.  749.
 749.  749.  748.5 748. ]
[801.  801.  800.  800.  800.  800.  800.  800.  800.  800.  797.  793.
 793.  791.5 791.5 791.5 791.  788.5 788.5 786.5 786.5 786.5 786.5 786.
 785.5 785.5 785.5 785.5 785.5 785.5 785.5 785.5 785.5 785.5 785.5 785.5
 784.5 784.5 784.5 784.  784.  784.  783.  783.  782.  782.  782.  782.
 782.  782.  782.  782.  782.  781.  780.  780.  780.  780.  779.  778.5
 778.  778.  778.  778.  778.  777.5 775.5 775.5 775.5 775.5 775.5 775.
 774.  774.  774.  773.5 773.  772.  771.5 771.5 771.5 771.5 771.5 771.5
 771.5 771.5 771.5 771.5 771.  771.  770.5 770.5 770.5 770.5 770.  769.5
 769.5 769.5 769.  769.  769.  769.  769.  769.  768.  768.  768.  768.
 768.  768.  768.  768.  767.  767.  767.  766.5 766.5 766.  766.  765.5
 765.5 765.5 765.5 765.  765.  765.  764.5 764.5 764.5 764.5 764.5 763.5
 763.5 763.5 763.5 763.5 763.  762.5 762.5 762.5 762.5 762.5 762.  762.
 762.  762.  762.  762.  762.  762.  762.  762.  762.  762.  761.5 761.5
 761.5 761.  761.  761.  761.  761.  761.  760.5 760.5 760.5 760.  760.
 759.5 759.5 759.  759.  759.  759.  758.5 758.5 758.5 758.5 758.5 758.5
 758.5 758.5 758.5 758.  758.  758.  758.  757.5 757.5 757.  757.  757.
 757.  756.5 756.5 756.5 756.  756.  756.  756.  756.  756.  756.  755.5
 755.5 755.5 755.5 755.  755.  755.  755.  755.  755.  755.  755.  755.
 755.  754.5 754.5 754.5]
[801.  801.  800.  800.  800.  800.  800.  800.  800.  800.  800.  800.
 800.  800.  797.  793.  793.  791.5 791.5 791.5 791.5 791.  788.5 788.5
 788.5 788.5 786.5 786.5 786.5 786.5 786.5 786.  786.  785.5 785.5 785.5
 785.5 785.5 785.5 785.5 785.5 785.5 785.5 785.5 785.5 785.5 785.5 784.5
 784.5 784.5 784.5 784.  784.  784.  784.  784.  783.  783.  782.  782.
 782.  782.  782.  782.  782.  782.  782.  782.  782.  781.  780.  780.
 780.  780.  780.  779.  778.5 778.  778.  778.  778.  778.  778.  778.
 777.5 775.5 775.5 775.5 775.5 775.5 775.  774.  774.  774.  774.  774.
 773.5 773.5 773.  772.  771.5 771.5 771.5 771.5 771.5 771.5 771.5 771.5
 771.5 771.5 771.5 771.  771.  771.  770.5 770.5 770.5 770.5 770.5 770.
 770.  769.5 769.5 769.5 769.5 769.5 769.  769.  769.  769.  769.  769.
 768.  768.  768.  768.  768.  768.  768.  768.  768.  767.  767.  767.
 767.  766.5 766.5 766.  766.  765.5 765.5 765.5 765.5 765.  765.  765.
 764.5 764.5 764.5 764.5 764.5 763.5 763.5 763.5 763.5 763.5 763.5 763.
 763.  762.5 762.5 762.5 762.5 762.5 762.  762.  762.  762.  762.  762.
 762.  762.  762.  762.  762.  762.  762.  761.5 761.5 761.5 761.  761.
 761.  761.  761.  761.  761.  760.5 760.5 760.5 760.  760.  759.5 759.5
 759.  759.  759.  759.  759.  758.5 758.5 758.5 758.5 758.5 758.5 758.5
 758.5 758.5 758.5 758. ]
[801.  801.  800.  800.  800.  800.  800.  800.  800.  800.  800.  800.
 800.  800.  800.  800.  800.  800.  800.  800.  797.  793.  793.  793.
 793.  791.5 791.5 791.5 791.5 791.5 791.5 791.5 791.5 791.  788.5 788.5
 788.5 788.5 788.5 788.5 786.5 786.5 786.5 786.5 786.5 786.5 786.  786.
 786.  786.  786.  785.5 785.5 785.5 785.5 785.5 785.5 785.5 785.5 785.5
 785.5 785.5 785.5 785.5 785.5 785.5 785.5 785.5 785.5 784.5 784.5 784.5
 784.5 784.  784.  784.  784.  784.  784.  783.  783.  783.  782.  782.
 782.  782.  782.  782.  782.  782.  782.  782.  782.  782.  782.  781.
 780.  780.  780.  780.  780.  779.  778.5 778.  778.  778.  778.  778.
 778.  778.  777.5 775.5 775.5 775.5 775.5 775.5 775.  774.  774.  774.
 774.  774.  774.  773.5 773.5 773.  772.  771.5 771.5 771.5 771.5 771.5
 771.5 771.5 771.5 771.5 771.5 771.5 771.5 771.  771.  771.  770.5 770.5
 770.5 770.5 770.5 770.  770.  769.5 769.5 769.5 769.5 769.5 769.5 769.5
 769.  769.  769.  769.  769.  769.  769.  769.  769.  768.  768.  768.
 768.  768.  768.  768.  768.  768.  768.  767.  767.  767.  767.  766.5
 766.5 766.5 766.  766.  765.5 765.5 765.5 765.5 765.  765.  765.  765.
 764.5 764.5 764.5 764.5 764.5 764.  763.5 763.5 763.5 763.5 763.5 763.5
 763.5 763.5 763.  763.  763.  762.5 762.5 762.5 762.5 762.5 762.  762.
 762.  762.  762.  762. ]
[807.5 803.  801.  801.  801.  800.  800.  800.  800.  800.  800.  800.
 800.  800.  800.  800.  800.  800.  800.  800.  800.  800.  800.  800.
 800.  800.  800.  800.  800.  800.  800.  797.  793.  793.  793.  793.
 793.  793.  791.5 791.5 791.5 791.5 791.5 791.5 791.5 791.5 791.5 791.5
 791.  791.  789.  788.5 788.5 788.5 788.5 788.5 788.5 788.5 788.5 788.5
 786.5 786.5 786.5 786.5 786.5 786.5 786.5 786.  786.  786.  786.  786.
 786.  785.5 785.5 785.5 785.5 785.5 785.5 785.5 785.5 785.5 785.5 785.5
 785.5 785.5 785.5 785.5 785.5 785.5 785.5 785.5 785.5 785.5 784.5 784.5
 784.5 784.5 784.  784.  784.  784.  784.  784.  783.  783.  783.  783.
 783.  783.  782.  782.  782.  782.  782.  782.  782.  782.  782.  782.
 782.  782.  782.  782.  782.  782.  781.  781.  780.  780.  780.  780.
 780.  780.  779.  779.  778.5 778.  778.  778.  778.  778.  778.  778.
 778.  777.5 775.5 775.5 775.5 775.5 775.5 775.  775.  774.  774.  774.
 774.  774.  774.  774.  774.  773.5 773.5 773.5 773.5 773.  773.  772.
 771.5 771.5 771.5 771.5 771.5 771.5 771.5 771.5 771.5 771.5 771.5 771.5
 771.5 771.5 771.  771.  771.  770.5 770.5 770.5 770.5 770.5 770.5 770.
 770.  769.5 769.5 769.5 769.5 769.5 769.5 769.5 769.5 769.  769.  769.
 769.  769.  769.  769.  769.  769.  768.5 768.  768.  768.  768.  768.
 768.  768.  768.  768. ]
[807.5 803.  801.  801.  801.  801.  801.  800.  800.  800.  800.  800.
 800.  800.  800.  800.  800.  800.  800.  800.  800.  800.  800.  800.
 800.  800.  800.  800.  800.  800.  800.  800.  800.  800.  800.  800.
 800.  800.  800.  800.  800.  800.  797.  793.  793.  793.  793.  793.
 793.  793.  793.  793.  793.  791.5 791.5 791.5 791.5 791.5 791.5 791.5
 791.5 791.5 791.5 791.5 791.5 791.5 791.  791.  789.  788.5 788.5 788.5
 788.5 788.5 788.5 788.5 788.5 788.5 788.5 788.5 786.5 786.5 786.5 786.5
 786.5 786.5 786.5 786.  786.  786.  786.  786.  786.  786.  786.  786.
 785.5 785.5 785.5 785.5 785.5 785.5 785.5 785.5 785.5 785.5 785.5 785.5
 785.5 785.5 785.5 785.5 785.5 785.5 785.5 785.5 785.5 785.5 785.5 784.5
 784.5 784.5 784.5 784.5 784.  784.  784.  784.  784.  784.  784.  784.
 784.  783.  783.  783.  783.  783.  783.  783.  783.  782.  782.  782.
 782.  782.  782.  782.  782.  782.  782.  782.  782.  782.  782.  782.
 782.  781.  781.  780.  780.  780.  780.  780.  780.  779.  779.  778.5
 778.  778.  778.  778.  778.  778.  778.  778.  778.  777.5 776.5 775.5
 775.5 775.5 775.5 775.5 775.5 775.  775.  774.  774.  774.  774.  774.
 774.  774.  774.  773.5 773.5 773.5 773.5 773.  773.  772.  771.5 771.5
 771.5 771.5 771.5 771.5 771.5 771.5 771.5 771.5 771.5 771.5 771.5 771.5
 771.  771.  771.  771. ]
[807.5 803.  801.  801.  801.  801.  801.  801.  801.  801.  801.  801.
 800.  800.  800.  800.  800.  800.  800.  800.  800.  800.  800.  800.
 800.  800.  800.  800.  800.  800.  800.  800.  800.  800.  800.  800.
 800.  800.  800.  800.  800.  800.  800.  800.  800.  800.  800.  800.
 800.  800.  800.  800.  797.  793.  793.  793.  793.  793.  793.  793.
 793.  793.  793.  793.  793.  793.  793.  791.5 791.5 791.5 791.5 791.5
 791.5 791.5 791.5 791.5 791.5 791.5 791.5 791.5 791.5 791.5 791.5 791.
 791.  791.  791.  789.  788.5 788.5 788.5 788.5 788.5 788.5 788.5 788.5
 788.5 788.5 788.5 788.5 788.5 788.5 788.5 788.5 786.5 786.5 786.5 786.5
 786.5 786.5 786.5 786.5 786.  786.  786.  786.  786.  786.  786.  786.
 786.  785.5 785.5 785.5 785.5 785.5 785.5 785.5 785.5 785.5 785.5 785.5
 785.5 785.5 785.5 785.5 785.5 785.5 785.5 785.5 785.5 785.5 785.5 785.5
 785.5 785.5 785.5 784.5 784.5 784.5 784.5 784.5 784.  784.  784.  784.
 784.  784.  784.  784.  784.  783.  783.  783.  783.  783.  783.  783.
 783.  782.  782.  782.  782.  782.  782.  782.  782.  782.  782.  782.
 782.  782.  782.  782.  782.  781.  781.  780.  780.  780.  780.  780.
 780.  779.5 779.  779.  779.  778.5 778.  778.  778.  778.  778.  778.
 778.  778.  778.  777.5 776.5 775.5 775.5 775.5 775.5 775.5 775.5 775.5
 775.  775.  775.  774. ]
[807.5 807.5 807.5 803.  803.  801.  801.  801.  801.  801.  801.  801.
 801.  801.  801.  801.  800.  800.  800.  800.  800.  800.  800.  800.
 800.  800.  800.  800.  800.  800.  800.  800.  800.  800.  800.  800.
 800.  800.  800.  800.  800.  800.  800.  800.  800.  800.  800.  800.
 800.  800.  800.  800.  800.  800.  800.  800.  800.  800.  800.  800.
 800.  800.  800.  797.  793.  793.  793.  793.  793.  793.  793.  793.
 793.  793.  793.  793.  793.  793.  793.  793.  793.  791.5 791.5 791.5
 791.5 791.5 791.5 791.5 791.5 791.5 791.5 791.5 791.5 791.5 791.5 791.5
 791.5 791.5 791.5 791.  791.  791.  791.  789.  788.5 788.5 788.5 788.5
 788.5 788.5 788.5 788.5 788.5 788.5 788.5 788.5 788.5 788.5 788.5 788.5
 788.5 788.  786.5 786.5 786.5 786.5 786.5 786.5 786.5 786.5 786.  786.
 786.  786.  786.  786.  786.  786.  786.  786.  786.  785.5 785.5 785.5
 785.5 785.5 785.5 785.5 785.5 785.5 785.5 785.5 785.5 785.5 785.5 785.5
 785.5 785.5 785.5 785.5 785.5 785.5 785.5 785.5 785.5 785.5 785.5 785.5
 784.5 784.5 784.5 784.5 784.5 784.  784.  784.  784.  784.  784.  784.
 784.  784.  783.  783.  783.  783.  783.  783.  783.  783.  782.  782.
 782.  782.  782.  782.  782.  782.  782.  782.  782.  782.  782.  782.
 782.  782.  782.  781.  781.  780.  780.  780.  780.  780.  780.  779.5
 779.  779.  779.  778.5]
[807.5 807.5 807.5 807.5 803.5 803.  803.  801.  801.  801.  801.  801.
 801.  801.  801.  801.  801.  801.  801.  801.  801.  801.  801.  801.
 800.  800.  800.  800.  800.  800.  800.  800.  800.  800.  800.  800.
 800.  800.  800.  800.  800.  800.  800.  800.  800.  800.  800.  800.
 800.  800.  800.  800.  800.  800.  800.  800.  800.  800.  800.  800.
 800.  800.  800.  800.  800.  800.  800.  800.  800.  800.  800.  800.
 800.  800.  800.  800.  800.  800.  800.  800.  800.  800.  800.  797.
 793.  793.  793.  793.  793.  793.  793.  793.  793.  793.  793.  793.
 793.  793.  793.  793.  793.  793.  791.5 791.5 791.5 791.5 791.5 791.5
 791.5 791.5 791.5 791.5 791.5 791.5 791.5 791.5 791.5 791.5 791.5 791.5
 791.5 791.5 791.  791.  791.  791.  789.  788.5 788.5 788.5 788.5 788.5
 788.5 788.5 788.5 788.5 788.5 788.5 788.5 788.5 788.5 788.5 788.5 788.5
 788.5 788.  786.5 786.5 786.5 786.5 786.5 786.5 786.5 786.5 786.  786.
 786.  786.  786.  786.  786.  786.  786.  786.  786.  786.  785.5 785.5
 785.5 785.5 785.5 785.5 785.5 785.5 785.5 785.5 785.5 785.5 785.5 785.5
 785.5 785.5 785.5 785.5 785.5 785.5 785.5 785.5 785.5 785.5 785.5 785.5
 785.5 785.5 784.5 784.5 784.5 784.5 784.5 784.  784.  784.  784.  784.
 784.  784.  784.  784.  784.  783.  783.  783.  783.  783.  783.  783.
 783.  782.  782.  782. ]
[807.5 807.5 807.5 807.5 807.5 807.5 803.5 803.  803.  803.  803.  801.
 801.  801.  801.  801.  801.  801.  801.  801.  801.  801.  801.  801.
 801.  801.  801.  801.  801.  801.  801.  801.  801.  801.  801.  801.
 800.  800.  800.  800.  800.  800.  800.  800.  800.  800.  800.  800.
 800.  800.  800.  800.  800.  800.  800.  800.  800.  800.  800.  800.
 800.  800.  800.  800.  800.  800.  800.  800.  800.  800.  800.  800.
 800.  800.  800.  800.  800.  800.  800.  800.  800.  800.  800.  800.
 800.  800.  800.  800.  800.  800.  800.  800.  800.  800.  800.  800.
 800.  800.  800.  800.  800.  800.  800.  800.  800.  800.  800.  800.
 800.  800.  800.  800.  800.  797.  797.  793.  793.  793.  793.  793.
 793.  793.  793.  793.  793.  793.  793.  793.  793.  793.  793.  793.
 793.  793.  793.  791.5 791.5 791.5 791.5 791.5 791.5 791.5 791.5 791.5
 791.5 791.5 791.5 791.5 791.5 791.5 791.5 791.5 791.5 791.5 791.5 791.5
 791.5 791.  791.  791.  791.  789.  788.5 788.5 788.5 788.5 788.5 788.5
 788.5 788.5 788.5 788.5 788.5 788.5 788.5 788.5 788.5 788.5 788.5 788.5
 788.5 788.  786.5 786.5 786.5 786.5 786.5 786.5 786.5 786.5 786.  786.
 786.  786.  786.  786.  786.  786.  786.  786.  786.  786.  785.5 785.5
 785.5 785.5 785.5 785.5 785.5 785.5 785.5 785.5 785.5 785.5 785.5 785.5
 785.5 785.5 785.5 785.5]
[807.5 807.5 807.5 807.5 807.5 807.5 807.5 807.5 803.5 803.  803.  803.
 803.  803.  801.  801.  801.  801.  801.  801.  801.  801.  801.  801.
 801.  801.  801.  801.  801.  801.  801.  801.  801.  801.  801.  801.
 801.  801.  801.  801.  801.  801.  801.  801.  801.  801.  801.  801.
 800.  800.  800.  800.  800.  800.  800.  800.  800.  800.  800.  800.
 800.  800.  800.  800.  800.  800.  800.  800.  800.  800.  800.  800.
 800.  800.  800.  800.  800.  800.  800.  800.  800.  800.  800.  800.
 800.  800.  800.  800.  800.  800.  800.  800.  800.  800.  800.  800.
 800.  800.  800.  800.  800.  800.  800.  800.  800.  800.  800.  800.
 800.  800.  800.  800.  800.  800.  800.  800.  800.  800.  800.  800.
 800.  800.  800.  800.  800.  800.  800.  800.  800.  800.  800.  800.
 797.  797.  793.  793.  793.  793.  793.  793.  793.  793.  793.  793.
 793.  793.  793.  793.  793.  793.  793.  793.  793.  793.  793.  793.
 791.5 791.5 791.5 791.5 791.5 791.5 791.5 791.5 791.5 791.5 791.5 791.5
 791.5 791.5 791.5 791.5 791.5 791.5 791.5 791.5 791.5 791.5 791.5 791.
 791.  791.  791.  789.  788.5 788.5 788.5 788.5 788.5 788.5 788.5 788.5
 788.5 788.5 788.5 788.5 788.5 788.5 788.5 788.5 788.5 788.5 788.5 788.
 786.5 786.5 786.5 786.5 786.5 786.5 786.5 786.5 786.  786.  786.  786.
 786.  786.  786.  786. ]
