[691.  723.  486.  661.  753.5 714.  762.  633.  538.5 531.  670.  673.5
 305.  608.  669.5 453.  605.  636.  662.5 718.5 634.  690.  673.  501.5
 709.5 673.5 288.5 198.5 697.  687.5 752.  758.  390.  262.  401.5 653.
 755.  659.5 548.5 684.5 680.5 412.  722.  587.  544.5 613.  711.  696.5
 528.5 420.5 418.  736.  605.5 626.  724.5 475.5 391.  490.  677.  362.
 231.  488.5 687.5 714.5 512.5 492.5 345.  774.5 682.5 288.  708.  719.5
 764.  705.5 750.5 680.5 708.5 653.  503.5 506.  580.  639.  695.5 698.5
 517.  690.5 472.  728.  364.5 391.  599.5 460.5 757.  334.  740.5 713.5
 729.5 747.  722.5 632.5 468.5 621.  606.  597.5 599.  709.5 704.  735.5
 480.  511.5 679.  676.5 425.5 574.  471.5 600.  688.5 726.5 525.5 492.5
 402.  493.  490.5 719.  614.  737.  374.5 712.5 708.5 234.5 634.  441.
 633.  467.  498.5 675.  516.  645.5 701.5 750.  637.5 466.  691.  403.
 734.5 691.  574.  647.5 686.5 438.5 525.5 616.  515.  724.  684.5 575.5
 669.5 301.  709.  521.  750.  614.5 772.  302.5 408.  527.5 631.  438.
 676.5 415.  357.5 518.5 450.5 708.  679.5 466.  407.5 556.5 698.  453.
 655.  177.  715.5 596.  699.  597.5 635.5 660.  541.5 630.  578.5 653.
 631.5 543.  504.  433.5 499.  667.  614.  364.5 639.5 432.5 717.  578.5
 414.5 758.  470.5 591.  290.  172.5 578.  287.  711.  238.5 439.5 683.
 600.  596.5 476.  631.  631.  323.  331.5 656.5 671.5 593.5 603.  686.
 665.  521.5 192.  636.  637.  523.  586.5 636.  718.5 494.  406.5 300.
 677.5 545.  405.  625.5 716.  405.  425.5 305.  420.  570.  491.  755.5
 508.5 699.5 532.  655.5 729.5 711.  334.5 648.5 183.5 478.5 494.5 612.
 695.5 743.5 591.  190.  725.5 723.  740.5 589.  636.  386.5 742.  480.
 483.5 730.5 734.5 551.5 706.  486.5 528.  201.5 618.  722.  601.5 485.5
 644.  697.5 568.5 459.5 625.5 610.5 472.5 490.  403.  482.5 495.5 698.5
 412.5 438.5 356.  243.  707.5 686.  666.5 646.  481.  229.5 722.5 587.
 693.  712.  459.5 459.5 320.5 742.5 244.5 370.5 671.5 657.  602.5 625.
 393.5 565.5 762.5 713.  670.5 642.  716.  616.  516.5 691.5 664.5 715.
 537.5 454.5 714.  662.  666.5 483.  644.5 294.  712.  597.  748.5 277.5
 250.5 722.5 480.  692.5 237.  682.  692.  660.5 700.5 505.5 555.  740.5
 183.  255.5 738.5 695.  269.5 735.5 578.5 606.  506.5 659.  401.5 703.
 706.5 661.5 755.5 406.  480.5 260.5 519.5 538.5]
