[684.  714.  509.  661.  738.5 735.  746.  617.  502.5 561.  680.  676.5
 314.  623.  664.5 441.  583.  635.  672.5 730.5 606.  730.  677.  517.5
 685.5 677.5 293.5 186.5 705.  722.5 733.  737.  367.  273.  390.5 644.
 762.  677.5 564.5 713.5 702.5 422.  735.  612.  539.5 651.  710.  687.5
 531.5 427.5 395.  731.  605.5 587.  743.5 474.5 399.  474.  639.  360.
 216.  493.5 732.5 724.5 499.5 490.5 350.  723.5 686.5 277.  699.  721.5
 746.  684.5 761.5 683.5 695.5 673.  521.5 508.  597.  629.  691.5 693.5
 489.  729.5 460.  711.  379.5 366.  601.5 477.5 759.  341.  759.5 716.5
 722.5 743.  738.5 607.5 475.5 622.  636.  608.5 624.  701.5 684.  737.5
 473.  523.5 705.  649.5 410.5 583.  472.5 585.  696.5 710.5 514.5 489.5
 395.  465.  489.5 721.  612.  742.  329.5 741.5 715.5 239.5 612.  476.
 655.  462.  512.5 663.  511.  689.5 690.5 749.  665.5 487.  703.  429.
 722.5 696.  528.  633.5 679.5 442.5 549.5 630.  525.  703.  679.5 593.5
 655.5 285.  698.  531.  708.  630.5 771.  292.5 403.  561.5 633.  475.
 712.5 400.  398.5 515.5 443.5 704.  688.5 498.  433.5 539.5 710.  462.
 668.  171.  719.5 557.  705.  583.5 643.5 661.  504.5 655.  603.5 647.
 645.5 549.  510.  415.5 506.  665.  634.  370.5 660.5 412.5 695.  579.5
 409.5 771.  470.5 573.  262.  192.5 573.  270.  726.  235.5 461.5 677.
 600.  599.5 475.  672. ]
