[681.  721.5 655.  712.  722.  314.  644.5 712.5 353.5 687.5 696.  640.5
 578.  681.5 737.5 664.  656.5 415.5 764.5 423.  689.  745.5 764.  719.
 671.5 261.5 762.5 736.5 718.  639.5 749.  705.  751.  702.5 519.5 641.
 778.5 728.  602.  719.  724.  707.5 503.  673.5 238.5 426.  663.  268.5
 605.5 454.5 732.  461.5 513.  715.5 729.  742.  735.  758.  708.5 559.5
 256.  718.  733.5 612.  687.5 740.  569.5 732.5 610.  770.  748.5 698.
 291.5 726.  700.  732.5 678.5 574.  463.  538.5 751.  387.  728.  767.
 645.  526.5 754.  744.5 664.  631.5 543.5 737.  737.5 770.5 651.5 736.5
 472.  655.5 577.5 754.  726.  761.  723.  772.  759.  753.  752.  777.
 537.  763.  748.5 690.  497.  602.  585.  749.  757.5 781.5 359.5 622.
 625.5 273.  330.5 767.5 765.  187.  175.  734.5 742.5 757.5 450.  687.
 187.5 733.5 458.  735.5 345.5 510.5 722.  577.5 701.  711.  724.  425.5
 406.  452.  612.  723.  502.5 682.5 321.  320.  541.5 329.  715.5 720.
 186.5 664.5 407.5 339. ]
[784.  781.5 781.5 778.5 778.5 778.5 777.  776.5 775.  772.5 772.  772.
 770.5 770.5 770.5 770.  770.  767.5 767.  765.  764.5 764.5 764.5 764.
 764.  763.  762.5 762.  761.  761.  760.5 759.  758.5 758.5 758.  757.5
 757.5 757.5 757.5 757.5 756.  756.  756.  754.5 754.  754.  754.  754.
 753.5 753.  752.  751.  751.  751.  751.  751.  749.  749.  748.5 748.5
 748.5 747.  745.5 745.5 745.  744.5 744.5 744.  743.5 742.5 742.5 742.
 740.  740.  740.  737.5 737.5 737.5 737.  737.  736.5 736.5 736.5 735.5
 735.  734.5 733.5 733.5 732.5 732.5 732.  731.  730.5 729.  728.  728.
 726.  726.  726.  725.  724.  724.  723.  723.  722.  722.  722.  721.5
 720.  720.  720.  719.  719.  718.  718.  716.5 715.5 715.5 714.5 712.5
 712.  711.  711.  710.5 708.5 708.  707.5 706.  706.  705.  704.5 702.5
 701.  700.5 700.  698.  696.  692.  691.  690.5 690.  689.  687.5 687.5
 687.5 687.  687.  682.5 681.5 681.  678.5 676.  674.  673.5 671.5 664.5
 664.  664.  663.  660.5]
[790.5 784.  784.  781.5 781.5 781.5 778.5 778.5 778.5 777.  776.5 775.
 772.5 772.  772.  771.  770.5 770.5 770.5 770.  770.  770.  770.  767.5
 767.5 767.  765.  764.5 764.5 764.5 764.5 764.  764.  763.  762.5 762.
 761.5 761.  761.  760.5 760.  760.  759.  758.5 758.5 758.  757.5 757.5
 757.5 757.5 757.5 756.  756.  756.  756.  755.  754.5 754.5 754.5 754.5
 754.  754.  754.  754.  754.  753.5 753.  752.  751.  751.  751.  751.
 751.  751.  750.  749.  749.  748.5 748.5 748.5 747.  746.5 745.5 745.5
 745.  745.  745.  744.5 744.5 744.  744.  744.  743.5 743.  742.5 742.5
 742.5 742.5 742.  742.  741.5 741.5 741.  740.  740.  740.  740.  739.
 738.  737.5 737.5 737.5 737.  737.  737.  736.5 736.5 736.5 736.  735.5
 735.5 735.  734.5 734.5 734.  733.5 733.5 733.5 733.  732.5 732.5 732.
 732.  732.  731.  730.5 729.  728.  728.  727.  726.  726.  726.  725.
 724.5 724.  724.  723.  723.  722.5 722.  722.  722.  721.5 720.  720.
 720.  719.  719.  718. ]
[790.5 784.  784.  781.5 781.5 781.5 781.5 778.5 778.5 778.5 778.5 778.5
 778.5 778.5 777.  777.  776.5 775.  775.  774.5 772.5 772.  772.  772.
 771.  770.5 770.5 770.5 770.5 770.5 770.5 770.5 770.  770.  770.  770.
 770.  768.  767.5 767.5 767.5 767.  765.5 765.  764.5 764.5 764.5 764.5
 764.5 764.  764.  764.  763.5 763.  763.  763.  762.5 762.5 762.  761.5
 761.5 761.  761.  761.  760.5 760.  760.  760.  759.  758.5 758.5 758.5
 758.  757.5 757.5 757.5 757.5 757.5 757.5 757.5 756.  756.  756.  756.
 755.5 755.  754.5 754.5 754.5 754.5 754.  754.  754.  754.  754.  754.
 754.  753.5 753.  752.5 752.  751.  751.  751.  751.  751.  751.  750.
 749.  749.  748.5 748.5 748.5 747.  746.5 746.  745.5 745.5 745.5 745.
 745.  745.  744.5 744.5 744.5 744.  744.  744.  744.  744.  743.5 743.
 743.  743.  742.5 742.5 742.5 742.5 742.  742.  742.  741.5 741.5 741.
 740.  740.  740.  740.  740.  740.  740.  739.  739.  738.5 738.  738.
 737.5 737.5 737.5 737. ]
[790.5 784.  784.  784.  784.  783.5 781.5 781.5 781.5 781.5 781.  778.5
 778.5 778.5 778.5 778.5 778.5 778.5 778.5 777.  777.  776.5 776.  775.
 775.  775.  774.5 772.5 772.5 772.  772.  772.  772.  771.  771.  771.
 771.  770.5 770.5 770.5 770.5 770.5 770.5 770.5 770.5 770.5 770.5 770.5
 770.  770.  770.  770.  770.  770.  768.  768.  767.5 767.5 767.5 767.5
 767.5 767.  765.5 765.  764.5 764.5 764.5 764.5 764.5 764.5 764.  764.
 764.  763.5 763.5 763.  763.  763.  763.  763.  762.5 762.5 762.  761.5
 761.5 761.5 761.5 761.  761.  761.  760.5 760.  760.  760.  759.  758.5
 758.5 758.5 758.  758.  757.5 757.5 757.5 757.5 757.5 757.5 757.5 756.
 756.  756.  756.  755.5 755.5 755.  755.  754.5 754.5 754.5 754.5 754.
 754.  754.  754.  754.  754.  754.  754.  754.  753.5 753.  753.  753.
 752.5 752.  752.  751.5 751.5 751.  751.  751.  751.  751.  751.  751.
 750.  750.  750.  749.  749.  749.  748.5 748.5 748.5 748.  748.  747.5
 747.  746.5 746.  745.5]
[790.5 784.  784.  784.  784.  784.  784.  783.5 781.5 781.5 781.5 781.5
 781.5 781.5 781.5 781.5 781.  778.5 778.5 778.5 778.5 778.5 778.5 778.5
 778.5 778.5 778.5 778.5 778.5 778.5 778.5 777.  777.  777.  776.5 776.
 775.  775.  775.  775.  774.5 774.5 772.5 772.5 772.  772.  772.  772.
 772.  771.  771.  771.  771.  770.5 770.5 770.5 770.5 770.5 770.5 770.5
 770.5 770.5 770.5 770.5 770.5 770.5 770.5 770.  770.  770.  770.  770.
 770.  770.  770.  770.  768.  768.  768.  767.5 767.5 767.5 767.5 767.5
 767.5 767.  766.  765.5 765.  764.5 764.5 764.5 764.5 764.5 764.5 764.5
 764.5 764.5 764.  764.  764.  763.5 763.5 763.5 763.  763.  763.  763.
 763.  762.5 762.5 762.  761.5 761.5 761.5 761.5 761.5 761.  761.  761.
 761.  760.5 760.  760.  760.  760.  760.  759.  758.5 758.5 758.5 758.
 758.  757.5 757.5 757.5 757.5 757.5 757.5 757.5 757.  756.  756.  756.
 756.  755.5 755.5 755.5 755.  755.  754.5 754.5 754.5 754.5 754.  754.
 754.  754.  754.  754. ]
[793.5 790.5 784.  784.  784.  784.  784.  784.  784.  784.  784.  783.5
 781.5 781.5 781.5 781.5 781.5 781.5 781.5 781.5 781.  778.5 778.5 778.5
 778.5 778.5 778.5 778.5 778.5 778.5 778.5 778.5 778.5 778.5 778.5 778.5
 778.5 777.  777.  777.  776.5 776.5 776.  775.  775.  775.  775.  775.
 775.  774.5 774.5 774.5 774.5 774.5 772.5 772.5 772.  772.  772.  772.
 772.  772.  771.  771.  771.  771.  771.  770.5 770.5 770.5 770.5 770.5
 770.5 770.5 770.5 770.5 770.5 770.5 770.5 770.5 770.5 770.5 770.5 770.5
 770.  770.  770.  770.  770.  770.  770.  770.  770.  770.  768.  768.
 768.  767.5 767.5 767.5 767.5 767.5 767.5 767.5 767.  766.  765.5 765.
 764.5 764.5 764.5 764.5 764.5 764.5 764.5 764.5 764.5 764.  764.  764.
 764.  763.5 763.5 763.5 763.  763.  763.  763.  763.  762.5 762.5 762.
 761.5 761.5 761.5 761.5 761.5 761.  761.  761.  761.  760.5 760.5 760.
 760.  760.  760.  760.  759.  758.5 758.5 758.5 758.  758.  758.  757.5
 757.5 757.5 757.5 757.5]
[807.5 793.5 790.5 784.  784.  784.  784.  784.  784.  784.  784.  784.
 784.  784.  784.  783.5 781.5 781.5 781.5 781.5 781.5 781.5 781.5 781.5
 781.5 781.  778.5 778.5 778.5 778.5 778.5 778.5 778.5 778.5 778.5 778.5
 778.5 778.5 778.5 778.5 778.5 778.5 778.5 778.5 778.5 778.5 778.5 778.5
 778.5 777.  777.  777.  776.5 776.5 776.  775.  775.  775.  775.  775.
 775.  775.  774.5 774.5 774.5 774.5 774.5 772.5 772.5 772.  772.  772.
 772.  772.  772.  772.  771.  771.  771.  771.  771.  770.5 770.5 770.5
 770.5 770.5 770.5 770.5 770.5 770.5 770.5 770.5 770.5 770.5 770.5 770.5
 770.5 770.5 770.5 770.5 770.  770.  770.  770.  770.  770.  770.  770.
 770.  770.  770.  770.  768.  768.  768.  768.  768.  767.5 767.5 767.5
 767.5 767.5 767.5 767.5 767.  767.  766.  765.5 765.  764.5 764.5 764.5
 764.5 764.5 764.5 764.5 764.5 764.5 764.  764.  764.  764.  763.5 763.5
 763.5 763.5 763.  763.  763.  763.  763.  762.5 762.5 762.  761.5 761.5
 761.5 761.5 761.5 761. ]
[807.5 793.5 793.5 790.5 784.  784.  784.  784.  784.  784.  784.  784.
 784.  784.  784.  784.  784.  784.  783.5 783.5 781.5 781.5 781.5 781.5
 781.5 781.5 781.5 781.5 781.5 781.5 781.5 781.  778.5 778.5 778.5 778.5
 778.5 778.5 778.5 778.5 778.5 778.5 778.5 778.5 778.5 778.5 778.5 778.5
 778.5 778.5 778.5 778.5 778.5 778.5 778.5 778.5 778.5 778.5 778.5 777.
 777.  777.  777.  777.  776.5 776.5 776.  775.  775.  775.  775.  775.
 775.  775.  775.  775.  775.  775.  775.  774.5 774.5 774.5 774.5 774.5
 774.5 772.5 772.5 772.  772.  772.  772.  772.  772.  772.  771.  771.
 771.  771.  771.  770.5 770.5 770.5 770.5 770.5 770.5 770.5 770.5 770.5
 770.5 770.5 770.5 770.5 770.5 770.5 770.5 770.5 770.5 770.5 770.5 770.
 770.  770.  770.  770.  770.  770.  770.  770.  770.  770.  770.  768.5
 768.  768.  768.  768.  768.  767.5 767.5 767.5 767.5 767.5 767.5 767.5
 767.5 767.5 767.  767.  766.  766.  766.  765.5 765.  764.5 764.5 764.5
 764.5 764.5 764.5 764.5]
[819.  807.5 801.  799.  793.5 793.5 793.5 790.5 784.  784.  784.  784.
 784.  784.  784.  784.  784.  784.  784.  784.  784.  784.  784.  784.
 784.  784.  784.  783.5 783.5 783.5 781.5 781.5 781.5 781.5 781.5 781.5
 781.5 781.5 781.5 781.5 781.5 781.5 781.5 781.5 781.  778.5 778.5 778.5
 778.5 778.5 778.5 778.5 778.5 778.5 778.5 778.5 778.5 778.5 778.5 778.5
 778.5 778.5 778.5 778.5 778.5 778.5 778.5 778.5 778.5 778.5 778.5 778.5
 778.5 778.5 778.5 778.5 778.5 777.  777.  777.  777.  777.  777.  776.5
 776.5 776.  775.  775.  775.  775.  775.  775.  775.  775.  775.  775.
 775.  775.  774.5 774.5 774.5 774.5 774.5 774.5 774.5 772.5 772.5 772.5
 772.5 772.  772.  772.  772.  772.  772.  772.  771.  771.  771.  771.
 771.  771.  770.5 770.5 770.5 770.5 770.5 770.5 770.5 770.5 770.5 770.5
 770.5 770.5 770.5 770.5 770.5 770.5 770.5 770.5 770.5 770.5 770.  770.
 770.  770.  770.  770.  770.  770.  770.  770.  770.  770.  769.  768.5
 768.5 768.  768.  768. ]
[819.  819.  819.  807.5 801.  799.  793.5 793.5 793.5 793.5 793.5 790.5
 790.5 784.  784.  784.  784.  784.  784.  784.  784.  784.  784.  784.
 784.  784.  784.  784.  784.  784.  784.  784.  784.  784.  784.  784.
 784.  784.  784.  783.5 783.5 783.5 783.5 781.5 781.5 781.5 781.5 781.5
 781.5 781.5 781.5 781.5 781.5 781.5 781.5 781.5 781.5 781.5 781.  778.5
 778.5 778.5 778.5 778.5 778.5 778.5 778.5 778.5 778.5 778.5 778.5 778.5
 778.5 778.5 778.5 778.5 778.5 778.5 778.5 778.5 778.5 778.5 778.5 778.5
 778.5 778.5 778.5 778.5 778.5 778.5 778.5 778.5 778.5 778.5 778.5 777.
 777.  777.  777.  777.  777.  777.  776.5 776.5 776.  775.  775.  775.
 775.  775.  775.  775.  775.  775.  775.  775.  775.  774.5 774.5 774.5
 774.5 774.5 774.5 774.5 774.5 772.5 772.5 772.5 772.5 772.  772.  772.
 772.  772.  772.  772.  772.  771.  771.  771.  771.  771.  771.  770.5
 770.5 770.5 770.5 770.5 770.5 770.5 770.5 770.5 770.5 770.5 770.5 770.5
 770.5 770.5 770.5 770.5]
[819.  819.  819.  819.  819.  807.5 801.  799.  799.  799.  799.  793.5
 793.5 793.5 793.5 793.5 793.5 793.5 790.5 790.5 784.  784.  784.  784.
 784.  784.  784.  784.  784.  784.  784.  784.  784.  784.  784.  784.
 784.  784.  784.  784.  784.  784.  784.  784.  784.  784.  784.  784.
 784.  784.  783.5 783.5 783.5 783.5 781.5 781.5 781.5 781.5 781.5 781.5
 781.5 781.5 781.5 781.5 781.5 781.5 781.5 781.5 781.5 781.5 781.5 781.5
 781.5 781.5 781.5 781.  781.  778.5 778.5 778.5 778.5 778.5 778.5 778.5
 778.5 778.5 778.5 778.5 778.5 778.5 778.5 778.5 778.5 778.5 778.5 778.5
 778.5 778.5 778.5 778.5 778.5 778.5 778.5 778.5 778.5 778.5 778.5 778.5
 778.5 778.5 778.5 778.5 778.5 778.5 778.5 778.5 778.5 778.5 778.5 778.5
 777.  777.  777.  777.  777.  777.  777.  776.5 776.5 776.  775.  775.
 775.  775.  775.  775.  775.  775.  775.  775.  775.  775.  775.  774.5
 774.5 774.5 774.5 774.5 774.5 774.5 774.5 772.5 772.5 772.5 772.5 772.
 772.  772.  772.  772. ]
[819.  819.  819.  819.  819.  819.  819.  819.  807.5 801.  799.  799.
 799.  799.  799.  793.5 793.5 793.5 793.5 793.5 793.5 793.5 790.5 790.5
 790.5 788.  784.  784.  784.  784.  784.  784.  784.  784.  784.  784.
 784.  784.  784.  784.  784.  784.  784.  784.  784.  784.  784.  784.
 784.  784.  784.  784.  784.  784.  784.  784.  784.  784.  784.  784.
 784.  784.  784.  783.5 783.5 783.5 783.5 781.5 781.5 781.5 781.5 781.5
 781.5 781.5 781.5 781.5 781.5 781.5 781.5 781.5 781.5 781.5 781.5 781.5
 781.5 781.5 781.5 781.5 781.5 781.5 781.  781.  781.  778.5 778.5 778.5
 778.5 778.5 778.5 778.5 778.5 778.5 778.5 778.5 778.5 778.5 778.5 778.5
 778.5 778.5 778.5 778.5 778.5 778.5 778.5 778.5 778.5 778.5 778.5 778.5
 778.5 778.5 778.5 778.5 778.5 778.5 778.5 778.5 778.5 778.5 778.5 778.5
 778.5 778.5 778.5 778.5 778.5 778.5 778.5 777.  777.  777.  777.  777.
 777.  777.  776.5 776.5 776.  775.  775.  775.  775.  775.  775.  775.
 775.  775.  775.  775. ]
[819.  819.  819.  819.  819.  819.  819.  819.  819.  819.  819.  819.
 819.  819.  819.  807.5 801.  799.  799.  799.  799.  799.  799.  793.5
 793.5 793.5 793.5 793.5 793.5 793.5 793.5 790.5 790.5 790.5 790.5 788.
 788.  784.  784.  784.  784.  784.  784.  784.  784.  784.  784.  784.
 784.  784.  784.  784.  784.  784.  784.  784.  784.  784.  784.  784.
 784.  784.  784.  784.  784.  784.  784.  784.  784.  784.  784.  784.
 784.  784.  784.  784.  784.  784.  784.  784.  784.  784.  783.5 783.5
 783.5 783.5 781.5 781.5 781.5 781.5 781.5 781.5 781.5 781.5 781.5 781.5
 781.5 781.5 781.5 781.5 781.5 781.5 781.5 781.5 781.5 781.5 781.5 781.5
 781.5 781.5 781.5 781.5 781.5 781.  781.  781.  778.5 778.5 778.5 778.5
 778.5 778.5 778.5 778.5 778.5 778.5 778.5 778.5 778.5 778.5 778.5 778.5
 778.5 778.5 778.5 778.5 778.5 778.5 778.5 778.5 778.5 778.5 778.5 778.5
 778.5 778.5 778.5 778.5 778.5 778.5 778.5 778.5 778.5 778.5 778.5 778.5
 778.5 778.5 778.5 778.5]
[819.  819.  819.  819.  819.  819.  819.  819.  819.  819.  819.  819.
 819.  819.  819.  819.  819.  819.  819.  819.  819.  819.  807.5 801.
 800.  799.5 799.  799.  799.  799.  799.  799.  799.  799.  793.5 793.5
 793.5 793.5 793.5 793.5 793.5 793.5 793.5 792.5 790.5 790.5 790.5 790.5
 790.5 790.5 790.5 790.5 790.5 788.  788.  784.  784.  784.  784.  784.
 784.  784.  784.  784.  784.  784.  784.  784.  784.  784.  784.  784.
 784.  784.  784.  784.  784.  784.  784.  784.  784.  784.  784.  784.
 784.  784.  784.  784.  784.  784.  784.  784.  784.  784.  784.  784.
 784.  784.  784.  784.  784.  784.  784.  784.  784.  784.  784.  784.
 783.5 783.5 783.5 783.5 781.5 781.5 781.5 781.5 781.5 781.5 781.5 781.5
 781.5 781.5 781.5 781.5 781.5 781.5 781.5 781.5 781.5 781.5 781.5 781.5
 781.5 781.5 781.5 781.5 781.5 781.5 781.5 781.  781.  781.  778.5 778.5
 778.5 778.5 778.5 778.5 778.5 778.5 778.5 778.5 778.5 778.5 778.5 778.5
 778.5 778.5 778.5 778.5]
[819.  819.  819.  819.  819.  819.  819.  819.  819.  819.  819.  819.
 819.  819.  819.  819.  819.  819.  819.  819.  819.  819.  819.  819.
 819.  819.  819.  819.  819.  819.  819.  807.5 801.  801.  800.  799.5
 799.  799.  799.  799.  799.  799.  799.  799.  799.  799.  793.5 793.5
 793.5 793.5 793.5 793.5 793.5 793.5 793.5 793.5 792.5 792.5 790.5 790.5
 790.5 790.5 790.5 790.5 790.5 790.5 790.5 790.5 790.5 788.  788.  784.5
 784.5 784.  784.  784.  784.  784.  784.  784.  784.  784.  784.  784.
 784.  784.  784.  784.  784.  784.  784.  784.  784.  784.  784.  784.
 784.  784.  784.  784.  784.  784.  784.  784.  784.  784.  784.  784.
 784.  784.  784.  784.  784.  784.  784.  784.  784.  784.  784.  784.
 784.  784.  784.  784.  784.  784.  784.  783.5 783.5 783.5 783.5 781.5
 781.5 781.5 781.5 781.5 781.5 781.5 781.5 781.5 781.5 781.5 781.5 781.5
 781.5 781.5 781.5 781.5 781.5 781.5 781.5 781.5 781.5 781.5 781.5 781.5
 781.5 781.5 781.  781. ]
