[2, -4, 4.072434921320103]
[0, -1, 2.4933275028490423]
[0, -2, 7.563093425308762]
[2, -5, 4.072434921320103]
[0, -2, 7.563093425308762]
[2, -9, 10.47197551196598]
[0, -1, 2.4933275028490423]
[2, -6, 7.126761112310177]
[2, -8, 10.47197551196598]
[2, -7, 7.126761112310177]
[2, -4, 4.072434921320103]
[2, -9, 10.47197551196598]
[1, -1, 2.4933275028490423]
[0, -2, 7.563093425308762]
[2, -6, 7.126761112310177]
[1, -2, 7.563093425308762]
[0, -1, 2.4933275028490423]
[2, -5, 4.072434921320103]
[2, -5, 4.072434921320103]
[2, -6, 7.126761112310177]
[2, -6, 7.126761112310177]
[0, -1, 2.4933275028490423]
[2, -7, 7.126761112310177]
[2, -4, 4.072434921320103]
[2, -4, 4.072434921320103]
[0, -1, 2.4933275028490423]
[2, -7, 7.126761112310177]
[2, -8, 10.47197551196598]
[2, -5, 4.072434921320103]
[2, -6, 7.126761112310177]
[1, -2, 7.563093425308762]
[1, -1, 2.4933275028490423]
[2, -7, 7.126761112310177]
[1, -1, 2.4933275028490423]
[2, -9, 10.47197551196598]
[0, -1, 2.4933275028490423]
[0, -1, 2.4933275028490423]
[0, -2, 7.563093425308762]
[2, -9, 10.47197551196598]
[2, -5, 4.072434921320103]
[2, -8, 10.47197551196598]
[2, -6, 7.126761112310177]
[2, -5, 4.072434921320103]
[2, -7, 7.126761112310177]
[2, -6, 7.126761112310177]
[0, -1, 2.4933275028490423]
[1, -2, 7.563093425308762]
[2, -7, 7.126761112310177]
[2, -8, 10.47197551196598]
[2, -6, 7.126761112310177]
[1, -2, 7.563093425308762]
[2, -5, 4.072434921320103]
[0, -1, 2.4933275028490423]
[2, -5, 4.072434921320103]
