[ 36.   29.   50.   41.   53.   32.   25.   27.   38.   37.   37.   29.
  32.   34.   41.   46.   50.   41.   31.   40.   36.   43.   29.   46.
  46.   40.   43.   30.   38.   50.   42.   42.   41.   31.   47.   54.
  49.   41.   47.   53.   38.   38.   33.   41.   46.   37.   34.   35.
  34.   37.   40.   43.   43.   32.   31.   33.   29.   37.   42.   35.
  28.   28.   32.   24.   38.   39.   42.   41.   49.   37.   34.   35.
  32.   39.   36.   37.   32.  125.  208.  222.  218.  276.5 313.  239.
 185.  157.5 201.  294.  174.5  77.  217.  162.5 200.   80.  313.  252.5
 248.5 236.  278.  344.  170.5 276.5 240.5 160.5 103.5 220.  269.5 293.
 322.  259.  148.  134.5 297.  212.  309.5 150.5 277.5 259.5 252.  386.
 246.  358.5 283.  312.  384.5 221.5 181.5 255.  256.  178.5 287.  282.5
 304.5  98.  140.  266.  370.  187.  156.5 348.5 349.5 249.5 264.5 301.
 394.5 319.5 149.  310.  314.5 342.  327.5 287.5 183.5 381.5 180.  376.5
 318.  269.   96.  291.5 285.5 280.  244.5  91.  237.  161.5 100.  279.5
 231.5 212.  161.  252.5 195.5 278.5 198.  251.5 189.5 353.5 312.  248.
 146.5 232.  179.5 234.  313.5 221.   95.5 292.  269.5 188.5 240.  157.5
  69.  242.5 301.5 163.5 199.5 102.  147.  149.5 335.  172.  339.  211.5
 252.5 315.5 177.5 307.  222.  303.  213.  242.5 307.  253.  270.5 309.5
 255.  300.5 218.  331.  162.  242.5 298.  163.   86.5 316.5 138.5 304.5
 270.  198.  356.  358.5 279.5 195.5 141.  385.  176.  357.  334.5 243.
 102.5 156.  239.5 275.  282.  245.5 105.  256.5  91.5 161.5 248.  211.5
 197.  319.5 184.5 213.  127.  330.  158.  283.5 354.  306.  308.5 197.5
 301.  236.5 216.  266.5 225.  191.5 262.  291.  291.5 228.  260.  251.
 129.5 256.5 391.5 368.  235.5 186.5 344.  129.5 314.  149.  221.5 255.
 208.  345.  136.5 115.5 329.  200.  293.5 197.  298.  206.  226.  143.5
 330.5 197.5 230.5 261.  366.  266.  250.5 186.  256.  278.  122.  198.5
 331.  373.5 217.  131.5 190.  202.5 350.  134.  262.5 282.  134.  172.5
 162.  165.  105.  289.  265.5 288.5 225.5 172.  341.5 226.5 249.  268.5
 128.5 172.5 214.5 281.5 244.  314.5 355.5 265.  168.  320.5 272.  288.5
 210.  292.  175.5 176.  197.  150.5 242.5 202.5 177.5 328.  232.5 193.
 130.5 297.  347.  280.5 225.5 299.  184.5 151.5 161.5 197.5 149.5 184.5
  75.  263.  182.5 187.5 276.5 261.5 186.5 159.  161.  314.5 235.  301.5
 272.  257.  249.5 277.5 310.  203.  300.  146.5 398.5  96.5 303.5 173.5
 211.5 313.5 321.  200.5 318.  158.5 315.5 189.5 140.  215.5 260.  240.
 242.  267.5 321.5 272.5 296.  211.5 260.5 280.  332.  104.5 172.  231.5
 184.  281.  162.  294.5 145.5 183.5 230.5 183.  267.5 213.  251.  231.
 275.5 295.5 216.5 302.  242.5 171.  130.5 220.5 279.  154.5 289.5 281.5
 243.  302.5 237.  229.5 187.  200.5 269.5 326.5 175.  184.5 142.5 114.5
 148.5 190.  333.  180.5 265.  400.5 302.5 119.5 198.5 215.5  53.  295.
 269.  140.5 259.  288.5 245.5 302.  321.5 280.5 223.5 270.5 201.  274.5
 105.5 244.  234.  318.  387.  105.  238.5 285.5 364.5 231.  211.5 324.
 351.  304.5 191.5 321.5 230.5 263.5 251.  189.5 162.5 371.5 322.5 182.
 120.5 359.  162.  173.  252.5 219.5 234.5 244.  206.  203.  375.  335.5
 189.5 271.5 252.5 230.  213.5 282.  223.5 210.  198.5 327.5  57.  307.
 201.5  95.  150.5 205.5 148.   93.  223.  217.  165.  267.5 144.  253.
 245.5 113.  172.  266.  330.5 221.5 328.5 201.5  66.5 278.5 365.  348.
 293.5 315.5 274.  322.  273.  177.  274.5 245.5 259.  275.5 275.5 324.
 299.5 159.5 108.  268.  258.  259.  335.5 236.  306.5 314.  110.5 309.5
 205.5 294.5 231.5 195.5 193.5 218.  263.5 301.  328.  326.5 325.  132.5
 323.5 308.  329.  191.  309.  252.5 189.  321.5 274.  318.  142.  185.
 320.  158.  241.  122.5 297.5 179.5 299.  212.5 252.5 227.  278.5 168.
 312.  200.5 240.5 225.5 357.5 316.5 147.5 117.  203.  271.  232.   76.
 378.5 105.5 128.  189.  301.  319.5 288.5 240.5 363.5 232.5 284.  225.5
 308.5 163.5 304.  324.5 326.  237.  131.  141.  203.  189.5 281.  155.5
 204.5 152.  306.5 325.   89.  214.  133.  261.5 361.5 297.  315.  263.
 341.5 233.5 285.5 189.5 148.5 348.  282.5 188.5 246.  148.  204.5 216.
 279.  320.5 175.  181.  174.  218.5  76.5 103.  257.   93.5 221.  150.5
 252.5 186.5 287.  190.5  81.  158.5 301.  263.  183.5 223.  344.5 284.5
 123.5  84.5 138.  331.  293.5 245.5 198.5 211.5 240.5 230.5 131.5 296.5
 268.  282.5 146.5 205.5 163.  219.5 219.  202.  202.  244.5 118.  375.5
 213.  228.5 121.  143.5 319.  331.5 352.  183.5 175.5 109.  169.5 293.5
  99.  344.5 211.  237.  130.  273.  278.5 185.5 146.  119.5 226.  120.5
 299.5 208.  195.  164.5 254.5 116.5 144.  263.5 178.  196.5 184.  200.5
 176.5 280.5 252.  150.  147.  282.  194.  345.5 214.5 131.  311.5  89.
 315.5 319.5 177.5  91.5 249.5 283.  286.5 331.5 341.5 286.  180.  206.5
 232.5 366.   84.5 216.5 171.  277.5 126.5 248.  228.  254.5 193.   64.
 186.  242.5 251.5 223.5 152.  299.  288.5 318.  286.5 144.5 180.  232.
 189.  282.5 188.  230.  238.  162.  364.  198.5 180.5 268.  330.5 271.
 226.5 292.  154.  199.5 305.  162.   96.  176.  156.  302.5 109.5 279.
 132.  306.5 281.  299.  316.  102.  208.5 292.5 300.  184.  199.  137.5
 195.5 122.5 338.  283.5 284.  224.  371.5 225.  282.5 157.5 220.5 281.
 119.5 189.5 264.5 230.5 130.5 245.  357.  246.5 336.  280.5 253.  230.5
 177.5 146.  270.  173.  298.  196.5 256.5 353.5 267.  293.  223.  276.
 386.  125.5 305.  280.  353.5 203.5 168.5 196.5 243.  233.5 270.5 267.5
 145.  140.5 139.5 394.  260.5 201.  253.  358.  230.5 230.  162.5  92.5
 289.5 183.  188.  288.5 218.5 227.5 282.  136.5 350.5 124.  338.  113.
 297.5 244.5 157.5 360.  219.5 200.5 236.  290.5 292.  291.5 318.  195.5
 240.5 152.  155.  227.  334.  242.  258.  190.  243.  267.5 162.  248.
 227.5 286.5 151.  289.5 254.5 105.5 334.5 338.  274.  198.  331.5 264.
 167.  209.5 134.  233.  115.5 158.5 113.5 288.  256.  308.  197.  257.
 103.  295.  272.  189.5 133.  163.5 235.  251.  202.5 140.5 101.5 259.
 287.  148.5 155.5 250.5 177.  155.  208.  165.  183.  113.   50.   76.5
 332.5 257.5 176.  224.5  93.  168.  278.5 221.5 179.5 167.  252.  275.5
 260.5 206.5 200.5 299. ]
[ 23.   29.   40.   56.   48.   40.   32.   40.   50.   36.   49.   29.
  36.   36.   42.   50.   42.   53.   39.   42.   31.   34.   27.   51.
  34.   34.   36.   24.   31.   45.   50.   45.   48.   29.   56.   55.
  37.   51.   38.   47.   49.   45.   35.   47.   54.   34.   32.   38.
  41.   50.   44.   36.   45.   32.   40.   40.   35.   44.   43.   32.
  42.   35.   38.   44.   38.   45.   46.   41.   38.   34.   35.   28.
  48.   41.   43.   54.   44.  227.  187.  146.5 151.5 245.5 252.5 255.5
 192.5 191.5 200.5 173.5 151.5 272.5 242.5 305.5 320.5 287.5 222.5 167.5
 320.  343.  211.  200.  423.  391.  260.5 303.5 275.5 154.  163.  194.
 159.  267.  242.  230.  126.  188.5 166.5 154.5 170.5 242.  220.  160.5
 162.5 295.5 306.  308.  327.  337.5 363.  312.5 186.  213.  150.5 178.5
 189.5 292.5 299.5 292.5 339.5 296.5 300.5 406.5 383.5 388.5 193.5 202.5
 203.5 253.5 150.  238.  216.  104.  301.  237.  214.  242.  231.  256.
 275.  284.  225.5 284.  184.  281.5 293.5 307.5 178.5 196.5 142.  199.5
 183.  349.  165.  213.  289.  305.5 329.5 275.5 266.5 171.5 326.5 316.
 316.  314.  237.  307.  223.5 192.5  45.  182.5 122.5 376.  126.5 222.5
 192.  383.5 122.5 266.5 292.  202.5 236.  360.  315.5 231.5 101.  208.5
 298.5 288.  126.5 318.  253.5 267.5 127.5 338.5 318.5 118.5 282.  281.
 278.  307.5 273.  192.  126.5 142.5 133.5 181.  162.5 151.5 283.  215.
 344.5 291.  294.  275.5 279.  405.  240.  211.5 225.5  97.  274.5 253.5
 226.5 346.5 249.  217.5 251.5 249.5 187.5 156.5 210.  273.  300.  250.
 335.  185.5 215.  311.5 203.  253.5 298.  289.5 261.  240.5 142.  136.
 193.5 280.  180.5 117.5 308.5 131.5 129.5 167.5 270.5 224.  150.  320.
 284.  202.5 319.5 120.  290.  251.5 269.5 218.  266.5 228.  284.5 171.
 274.  282.  270.5 272.  278.  310.5 263.5 289.5 278.5 326.  209.  142.5
 261.5 314.5  85.5 234.5 242.5 171.5 371.   84.  292.5 143.  284.5 222.5
 273.5 288.5 302.5 105.  301.  391.  315.5 117.  209.5 267.  207.5 233.
 264.  323.  280.  363.5 198.  299.5 238.5 259.5 307.  201.  210.  410.
 316.  292.  158.  308.5 355.5 229.5 106.  316.5 300.  222.5 274.  150.
 284.5 162.5 207.  366.5 262.5 139.5 248.  216.   95.5 155.  193.5 138.5
 219.  150.  190.  277.5 338.5 129.5 176.5 141.  217.  175.5 327.5 303.
 224.  331.5 110.  274.5 289.  271.5 239.  268.5 126.  273.  186.5 190.
 229.  223.  271.5 301.  139.  280.  129.5 158.  243.  160.5  51.5 314.5
 282.  184.  134.5 266.  336.  340.5 261.  274.  136.5 146.  237.5 265.5
 346.  320.5 214.5 262.5 198.5 251.5 144.5 275.  146.5 184.5 237.   90.5
 140.5 194.5 148.  272.  307.  116.  181.   88.5 337.  234.5 258.  231.
 151.5 128.5 364.  309.  324.5 204.5 138.  127.5 324.5 322.  243.  282.
 252.  272.5 112.5 214.5 234.  152.  171.5 256.  292.  266.5 221.5 111.
 223.5 166.5 223.  106.  274.  170.5 122.5 222.5 283.  272.5 206.  218.5
 305.  228.5 201.5 237.5 303.  212.5 295.5 372.5 321.5 362.5 314.5 177.
 150.  243.5 126.5 268.  204.5 252.  353.  268.  242.5 348.  147.  263.5
 147.5 319.  238.  309.5 149.5  66.  207.  261.5 410.  249.5 144.  128.
 215.  248.5 167.  355.  280.  214.  211.5 178.  368.5 384.  236.  254.5
 177.5  94.  113.5 298.  124.  294.5 123.  381.5 362.5 297.5 156.5 104.
 167.  333.  132.5 330.5 245.  186.  319.  338.5  95.5 214.5 172.5 317.
 105.  216.5 144.5 167.5 321.5 307.5 202.5 182.  241.5 274.  323.5 245.
 138.  158.  300.5 275.5 180.  233.5 302.5 316.  180.  287.5 212.5 133.5
 362.5 316.5 248.  176.  191.5  96.5 190.5 329.5 310.5 188.5 177.5 292.
 162.5 294.5 308.5 205.  345.5 148.  231.  192.  318.5 154.  309.5 311.5
 307.5 197.   95.5 139.5 254.5 272.5 115.  271.  159.5 336.5 335.  265.5
 130.  207.  117.  290.5 310.5 316.5 208.  186.  285.  247.5 302.5 119.5
 285.5 350.5 165.  329.  347.  342.5 138.5 264.  190.  245.  283.  230.
 275.5 104.  289.5  99.  292.  319.  277.  440.  160.  291.5 414.  143.
 313.5 313.  386.  247.5 186.  266.  125.  193.5 200.  405.5 235.  256.5
 288.5 357.  169.5 268.  233.  149.5 394.  229.5 295.5 329.  135.  320.
 163.5 255.  176.  338.  372.5 267.5 279.5 272.5 292.5 118.  186.5 160.
 180.  363.  106.5 239.  294.5 167.5 288.  262.  170.5 207.5 312.5 197.5
 162.  214.5  66.  276.  269.  180.5 152.5 307.5 222.  184.5 210.5 247.
 155.5 189.5 164.  334.5 245.5 229.  291.  307.5 175.  260.  166.  173.5
 217.   28.5 285.  146.  300.  258.5 235.  195.  315.5 162.  189.5 255.
 177.5 302.  176.  172.   57.  250.5 191.  115.  279.  202.  314.  153.
 285.5 175.5 327.  279.  262.  275.  269.  259.5 256.  183.  324.  150.5
 162.5 327.  250.  337.5 180.  291.  287.5 249.  105.  213.5 278.5 288.
 229.5 292.  293.5 194.5 209.5 337.  210.  228.5 111.  407.5 264.  109.
 299.  287.5 142.5 235.5 210.  161.5 316.  263.5 213.  229.  331.5 167.5
 179.   67.  357.   84.5 254.5 331.5 292.5 240.5 143.  267.5 187.5 342.5
 217.5  85.  292.  136.5 246.5  57.  304.  339.  232.  290.  185.  233.
 168.5 215.  236.5 334.  304.  127.  172.  198.5 154.  155.5 184.5 201.5
 210.5 223.  238.  191.5 246.  273.5  99.  229.  334.5 151.5 259.  370.5
 129.  140.  154.5 159.5 131.  331.5 200.5 143.5 185.  155.5 127.5 255.
 306.5 250.5 163.  239.  237.  249.  257.  220.5 307.5 108.5 262.  111.5
 314.5 114.5 175.5 253.5 124.  137.  239.  240.5 203.  191.5 195.5 226.
 299.5 195.5 144.  195.  315.5 371.5 317.  195.5  83.5 199.  291.  162.5
 217.5 271.  180.  184.  302.5 191.  179.5 248.5 294.  148.5  80.5 186.5
 192.  284.5 279.5 149.  122.5 195.  326.5 312.5 267.  173.5 204.5 185.
 167.  229.  112.5 327.5 195.5 286.  313.5 235.  130.5 133.5 172.5 304.5
 111.5 317.5 229.  105.5 271.  125.  103.  203.5 327.5 292.5 307.5 245.5
 235.5 200.  238.5 119.  264.5 174.5 210.5 246.5 143.  303.  274.  312.
 288.5 362.5 276.  299.5 126.   65.5 363.  281.5 352.5 231.  205.  258.
 314.  100.  207.5 292.  283.  342.5 216.5 262.  173.  334.5 119.5 227.5
 263.  213.  349.5 308.5 236.5 339.5 270.5 181.  156.5 183.5 310.  279.5
 167.5 210.  231.5 112.  345.5 256.5 168.  276.5 179.5 152.  158.5 208.
 362.5 210.5 235.5  88.5 262.5 172.  154.  251.5 281.5 318.5 330.  210.
 301.  239.  152.  303. ]
[ 28.   28.   43.   55.   41.   29.   32.   34.   43.   35.   40.   33.
  37.   30.   27.   44.   43.   47.   31.   44.   29.   28.   47.   54.
  23.   46.   55.   31.   41.   41.   35.   45.   56.   30.   49.   40.
  53.   47.   35.   42.   38.   42.   28.   49.   51.   34.   44.   35.
  45.   51.   49.   32.   43.   37.   34.   35.   45.   42.   36.   30.
  35.   37.   33.   33.   40.   30.   44.   38.   42.   25.   35.   40.
  33.   41.   47.   43.   37.  165.  188.  226.  196.  146.5 139.  141.
 150.  177.5 284.5 286.5 260.5 137.  168.  240.  210.  197.  265.5 179.
 169.  165.  151.  298.5  49.5 310.5 284.5  52.5  64.5 291.5 296.  305.
 311.  230.  209.  114.5 336.5 139.5 154.5 164.5 265.5 122.  272.5 172.
 205.  217.  200.  191.  212.5 219.  350.  200.  124.5 111.5 197.5 223.5
 108.5 116.5 236.5 252.5 191.  189.  138.5 180.5 245.5 168.5 199.5 266.
 156.  223.5 180.  150.  147.5 245.5 246.5 120.5 231.  144.5 145.5  57.
 164.5 167.5 234.  170.   58.5 173.5 276.  198.5 318.5 279.5 310.5 320.5
 241.  239.  292.  303.5 286.  170.5 247.5 227.5 255.5 251.  354.5 113.5
 166.5 200.5 277.  319.  246.5 202.  201.  112.  377.5 225.5 111.5 196.5
 107.5  84.5 331.5 288.5 237.  213.  215.  282.  199.  303.  292.  175.
 157.  148.5 254.5 196.5 165.5 164.5 246.5 259.  326.  274.  290.5 141.
 177.  327.  227.5 150.5 222.  168.5 229.5 230.5  97.  380.5 299.5 337.5
 109.  248.  324.  118.  319.  317.  159.5 105.  300.  117.5 138.5 167.
 238.  271.5 342.  323.  275.5 271.5 296.  248.5 210.  180.5 119.5 164.
 299.  209.  337.5 280.5 131.  311.  254.  111.5 108.  264.5 215.  238.5
 293.5 300.5 118.5 215.5 279.5  80.  226.  186.5 248.  326.  272.5 180.5
 246.  164.5 354.  349.  210.  182.  259.5 207.  241.  248.5 164.5 164.5
 302.5 163.  301.  363.5 293.5 305.  199.5 201.  197.5 287.5 318.  298.5
 184.5 243.5 155.5 233.5 235.  230.5 230.  323.5 213.5 223.5 266.5 289.
 220.5 320.  195.  205.  320.  276.  336.5 223.5 100.  343.  162.  322.
 287.5 289.5 219.  182.5 188.5 284.  235.  293.  318.  129.5 171.  147.
 273.  324.5 343.  235.  158.5 297.  340.5 247.  386.  263.5 348.5 199.5
 263.5 333.5 252.5  68.5 183.  255.5 248.  264.5 390.  162.5 119.  259.
 233.  250.  176.5 317.  332.  205.5  76.  192.  214.5 124.5 112.5 321.5
 208.  297.  198.  131.  265.  116.5 331.  188.  289.  227.5 217.5 267.
 127.5 337.  359.5 321.  168.5 267.  312.  204.5 135.5 173.  171.  282.
 220.  344.5 241.  285.5 117.5 248.5 251.  288.5 306.  111.  141.  316.
 350.5 270.   94.5 144.5 182.5 103.  163.5 234.5  82.5 249.5 296.   94.
 236.5 217.  224.5 125.5 309.5 179.5 182.5 284.5 235.  283.  141.5 215.5
 132.  242.5 172.  185.5 269.  245.   94.  286.  210.  166.  102.5 178.
 208.5 119.  192.  143.  323.5 184.5 299.5 184.5 304.5 197.5 218.5 208.5
 100.  229.5 321.  344.  309.5 197.  240.  212.5 400.  169.5 191.5 110.
 326.  321.  155.5 255.  141.  202.5 313.5 217.5 314.  200.5 319.5 285.
 265.  114.  130.  165.5 176.5 174.5 350.  226.  357.  230.5 230.5 209.
 200.5 262.5 131.  291.5 121.5 134.  238.  144.5 369.5 210.5  87.  261.5
 170.  191.  367.5 262.  318.  322.5 288.  160.   63.  164.5 195.  197.5
 311.5 162.  136.5 290.  311.5 182.5 221.5 207.5 264.5 274.  342.5 146.5
 278.  216.  305.  176.5 320.5 166.  273.5 255.5 235.5 100.  201.5 128.5
 119.  326.5 142.5  58.  261.5 174.5 309.  225.  297.   49.  364.  328.
 255.5 318.5 200.5 295.  328.5 251.  252.5  72.  213.5 289.  173.  241.
 179.  296.  265.5 304.  270.  269.5 114.  225.5 116.5 231.  291.  219.
 183.  245.  276.5 213.5 297.  223.5 180.  396.5 220.  107.  190.  266.
 214.5 291.5 141.  124.  278.5 212.  251.  243.  160.5  80.  299.5 178.5
 201.  208.  269.5 163.5 219.5 225.  173.5 250.5 263.  163.  270.5 234.5
 261.  172.5 260.  292.5 149.5 117.5 269.  220.   96.  300.  146.  317.5
 258.5 167.  194.5  99.  104.  336.5 309.  262.5 219.5 388.  159.5 327.5
 306.5 241.  230.5 300.5 315.5 265.5 295.5 234.5 239.5 348.  148.5 328.5
 359.5 272.5 218.  170.  313.5 333.5 248.5 149.  145.  288.5 225.5 401.
 144.  341.  192.  294.5 234.  257.5 292.  372.5 186.  252.5 251.  284.
 255.   94.5 260.5 207.  269.5 339.5 198.5 346.5 181.5 194.  161.  229.5
 225.5 312.5 201.  198.5 305.  216.  364.  119.  206.5 282.5 205.  134.
 268.5 178.  113.5 358.5 330.5 206.  366.5 147.  158.   81.  271.5 282.5
 221.5  79.  237.5 246.5 203.5 303.5 210.  221.5 359.5 309.5 311.5 323.5
 118.5 343.5 145.5 149.5 254.5 227.5 221.5 146.  211.5 210.  247.  306.5
 183.  234.  351.5 288.  306.5 179.5 139.5 220.  102.5 278.5 313.5 243.5
 247.5 303.5 284.5 237.5 217.  269.  287.5 106.  299.  231.5 286.  115.5
 271.  163.  194.  155.5 288.5 361.  158.5 195.5 283.  266.5 334.  124.
  94.5 305.  263.  319.5 141.5 124.  262.5 212.  192.  331.5  93.  238.5
 151.5 333.  169.  370.5 144.5 195.  259.  213.  229.5 198.5 173.  108.5
 201.5 273.5 294.5 155.5 265.5 322.  254.5 268.5 248.  227.5 334.  165.
 340.5 122.  212.5 258.5 253.  191.  315.5 370.  314.  160.  245.5 400.5
 291.  170.  179.  209.5 183.  215.5 318.  191.5 282.5 198.  164.5 273.5
 132.5 361.5 307.5 392.5 259.  271.  216.   94.5 221.5  58.5 138.5 321.
 206.5 267.5 328.  141.5  93.5 186.5 188.  186.  261.  116.  337.5 236.5
 302.  271.5 178.  171.  212.5 179.  299.5 303.5 190.  139.5 176.  146.
  60.  323.5 151.  113.5 254.5 216.  229.5 258.5 244.5 109.  321.5 302.5
 239.  244.5 281.  265.  150.5 281.  249.5 149.5 149.  249.5 300.5 290.5
 247.5 250.   61.  162.  278.  172.  241.5 302.   93.5 141.  231.5  52.
 269.5 154.5 225.5 219.5 284.  150.5 286.   77.5 177.  252.  149.5 117.5
 103.5 212.  184.5  85.  303.5 185.  340.5 152.5 240.  103.  207.  253.5
 242.  261.5 177.  243.5 127.  239.  188.  287.5 251.5 195.5 278.  130.
  81.5 143.5 263.5 100.  245.5 308.  267.  159.5 159.5 290.5 172.  118.5
 282.5 277.  317.  290.  247.  279.  224.5  37.5 168.  309.  130.5 173.5
 278.5 246.  240.  319.  260.  307.  245.  282.5 233.  106.5 142.5 266.5
 230.  335.  207.  204.  212.  163.  327.5 219.5 206.5 279.  111.  121.5
 280.5 265.  249.  184.5  95.5 205.  133.5 302.  240.  247.5 208.  362.5
 323.  134.  246.5 212.5]
[ 48.   44.   38.   40.   40.   36.   33.   18.   34.   28.   39.   40.
  20.   34.   31.   44.   36.   47.   45.   52.   34.   41.   30.   45.
  34.   43.   35.   35.   35.   44.   34.   47.   48.   22.   50.   41.
  37.   55.   46.   45.   43.   43.   31.   58.   48.   29.   37.   38.
  45.   45.   49.   30.   45.   35.   34.   40.   32.   41.   32.   30.
  25.   33.   34.   39.   46.   32.   33.   35.   43.   24.   49.   40.
  52.   34.   37.   48.   59.  286.5 345.  319.  324.  288.  329.5 348.5
 164.  155.  210.  336.5 299.5 242.5 233.  229.  256.  229.  151.5 174.5
 315.5 335.5 273.5 245.5 259.5 202.  288.5 275.5 251.  284.  294.  387.5
 246.5  85.   90.   97.   92.  209.5 205.5 104.5  97.5  91.5 256.  132.5
 124.5 186.  192.5 249.5 271.5 202.5 217.5 176.  208.  202.  239.  238.
 238.  290.5 352.  218.  208.  256.5 256.5 117.  203.  256.5 368.  348.
 147.5 314.5 203.  242.  261.  312.  199.  367.  177.  144.5 157.5 259.
 288.5 285.5 289.5 287.5 226.5 239.5 267.5 279.5 294.  284.5 287.  266.5
 191.5 265.5 164.5 143.  300.  406.5 401.5 333.5 273.  206.  269.  240.5
 189.  172.  247.  241.  241.5 281.  301.5 307.  271.5 321.  292.5 266.
 120.  298.5 130.5 304.  185.5 291.  293.5 312.5 175.  203.5 185.  202.5
 304.5 334.5 323.5 322.5 384.  224.5 252.5 399.  407.   82.  154.5 154.5
 221.5 262.5 195.5 295.  216.5 270.  148.  253.5 143.5 128.  194.5 303.5
 128.5 293.  291.5 284.  323.  295.5 120.   88.5 213.  116.5 160.5 334.5
 117.  316.5 338.  265.5 419.  235.5 294.  356.5 279.5 144.  297.  172.
 325.  254.  137.  231.5 237.  214.5 277.5 326.  135.  260.  116.   64.
 301.5 246.5 235.  328.  244.5 247.  166.5 308.5 325.5 304.5 294.5 223.
 347.  229.  227.5 157.5 176.5  94.  209.   67.  165.5 283.  190.5 217.
 155.  143.5 344.5 303.  230.5 123.  296.5 291.5 267.5  70.  319.5 214.
  81.5 265.  295.5 237.  148.  108.  118.  274.5 137.5 243.5 230.5 211.
 186.  216.5 198.  165.  281.   89.5 194.5 337.  211.5 275.  236.  237.
 237.5 229.  104.  343.5 344.5 312.  308.  308.  120.5 229.5 152.5 227.
 117.  297.  325.5 288.  272.5 283.  277.  316.5 153.  268.5 120.  289.
 304.  268.5 291.5 277.5 220.5  95.5 220.5 178.5 265.  139.5 371.5 183.
 223.5 235.5 331.  214.5 234.  295.  145.5 281.  171.  191.  271.  334.5
 251.  283.5 174.5 243.5 267.  302.5 191.5 234.5 231.5 234.  228.  353.5
  67.5 247.  263.  193.  247.5 259.5 342.  239.5 321.5 171.5 289.5 362.5
 143.5 297.  252.5 195.5 121.5 174.  204.5 111.  155.  203.  290.  345.5
 228.5 268.  130.5 163.5  89.  242.5 233.  162.   41.5 105.5 273.  145.5
 314.  244.5 283.  288.5 308.  238.5 165.  290.5 240.  123.5  92.5 136.5
 202.  155.  158.  174.  142.5 328.  291.  240.5 217.5 218.5 297.  142.
 285.5  72.5 232.5 320.5 167.  317.5 217.  138.  263.  179.5 227.5 340.
 370.  156.5 356.5 257.5 158.  161.5 162.  142.5 105.  294.  357.5 322.5
 287.5 175.5 293.5 345.  334.  291.  248.  290.  325.5  98.5 252.5 282.5
 131.   87.5 184.5 263.  166.  140.  126.  326.  126.  218.  232.5 254.5
 239.5 333.5 193.  329.  118.  215.5 194.5 199.  291.  273.  340.5 209.
 283.5 339.5  86.  163.5 120.  238.5 249.  342.5 252.  122.  229.  203.
 143.  293.5 296.  290.5 254.  158.5 221.  153.5 278.  324.5 295.  285.
 225.  213.5 299.5 301.5 134.  112.  335.  270.  259.5 345.  327.5 340.5
 259.5 271.  190.  275.  203.  382.5 299.  144.5 302.  229.5 176.  222.5
  98.  256.   71.  144.  184.5 277.  194.  285.5 170.5 313.5 284.5 361.
 192.  289.5 224.5 253.5 186.  238.5 291.  186.  289.  289.5 257.5 227.5
 371.5 303.5 175.5 227.5 253.  271.5 344.5 333.  324.5 205.  180.5 194.
 257.5 309.  302.  255.5 346.  197.  144.  246.  273.  271.  312.  164.5
 248.  180.  339.5 230.  249.5 296.  207.5 340.5 245.  282.  141.5 163.
 351.5 379.5 301.5 287.  289.   88.5 291.5 185.5 208.5 282.  220.  232.
 266.5 335.  286.  139.  141.  179.5 114.  225.5 338.   95.5 173.  245.5
 307.  111.5 106.  315.5 303.5 296.5 280.  287.  117.5 285.5 222.  230.
 238.  183.5 209.5 266.5 304.  204.5 220.  280.  424.5 349.5 290.5 294.5
 336.5 140.5 332.  212.  295.  327.  301.  172.5 183.5 174.5 176.  142.5
 342.5 291.  321.  238.5 258.5 197.  156.5 315.5 154.5 239.5 312.5 218.
 272.5 308.5 183.5 162.  197.5 162.  215.  241.  231.5 324.  269.5 285.
 172.   56.  212.5 161.  278.  298.5 313.5 175.5 143.  341.  232.5 208.
 258.  168.  185.5 175.5 299.  136.5 179.  349.  292.  242.5 171.5 207.
 101.  243.5 101.  287.  256.  141.  250.5  77.  253.  104.  152.5 188.5
 342.  234.  291.  128.5 167.  146.   87.5 257.5 240.  269.5 154.5 133.
 110.5 205.5 294.   98.5  90.  206.  241.  171.5 281.5 144.5 175.5 136.5
 248.5 158.  211.  282.  172.5 149.5 276.  182.  228.  125.  192.  127.5
 195.  146.5 301.5 278.  294.  109.5 171.5 314.  201.  111.  333.5 284.5
 201.  275.5 197.  336.5 184.5 257.  173.5 285.5 269.5 302.  205.  148.5
 325.5 365.5 189.5 212.  105.5 302.  148.  289.5 211.5 265.5 204.5 328.
 329.  301.5 296.  216.5 307.5 252.  173.5 219.5 228.5 289.  212.5 104.
 186.  172.  195.  110.5 117.5 252.5 192.5 213.  312.5  71.  270.5 200.
 263.  133.  313.5 339.5 160.5 267.5 116.   65.   87.  265.5 202.  292.5
 211.  321.5 263.  330.   47.  202.  279.  115.5 354.5 294.  337.  261.
 353.5 310.  351.5 180.  171.  317.5 303.  219.5 275.5 313.5 121.  162.
 357.  198.  196.  173.  215.5 389.   91.  221.5 281.  284.5 335.  316.
 295.5 324.5 291.5 318.5 279.  337.  270.  224.5 278.  249.  254.   98.
 202.  165.  153.  139.5 238.5 247.  271.  111.5 342.5 124.5  65.5 355.
 245.  171.  129.5 340.  208.5 170.5 264.  265.5 120.5 287.  187.5 197.5
 270.5 286.5 159.5 192.5 308.5 249.5 316.  165.5 307.5 298.5 183.5 314.
 366.5 242.  338.  152.5 293.5 315.5 229.5 109.  220.5 285.5 152.5 119.5
 339.  173.5 247.  329.  380.  168.  245.5 177.5 170.  204.5  65.  219.
 232.  264.5 181.  215.  281.5 262.  218.  271.  173.5 102.5 208.5  66.
 289.  272.5 246.5 120.5 289.5 327.  292.  197.  170.5 190.  207.  217.5
 261.5 234.5 331.5 264.  306.  300.  193.  235.5 180.5 224.5 281.  114.
 198.5 104.  294.5 225.  282.5 176.5 204.  244.  238.5 132.5 363.5 214.5
 163.5 232.  219.5 345.5]
[ 35.   40.   45.   36.   39.   45.   40.   34.   50.   39.   44.   28.
  31.   39.   30.   56.   44.   40.   47.   43.   30.   32.   31.   46.
  37.   52.   35.   38.   39.   41.   37.   35.   50.   30.   44.   48.
  42.   44.   48.   41.   46.   36.   32.   43.   43.   36.   43.   34.
  32.   36.   50.   40.   52.   39.   34.   39.   29.   48.   47.   43.
  32.   37.   35.   25.   37.   35.   39.   34.   46.   34.   42.   31.
  43.   38.   28.   42.   40.  303.  192.  211.  203.  140.5 137.5 287.
 266.  264.  136.  153.  141.   80.   78.  200.5 271.5 262.5 312.  304.
 306.  223.  231.  261.  235.5 281.  259.  259.  254.  256.  194.  238.5
 238.5 211.  242.5 200.  139.  116.  382.  153.5 291.5 277.5  97.   73.
 100.  149.5 132.5 122.5 124.5 134.5 335.  331.  339.  358.  338.5 324.5
 282.5 277.  285.  138.  137.  151.  211.5 276.  203.5 304.  123.5 220.
 240.  215.  205.  148.  246.5 151.  230.5 367.  172.  136.  179.  169.5
 303.  308.  333.5 319.5 205.5 242.5 229.5 223.5 198.5 198.5 172.5 119.5
 216.  164.5 141.  231.5 184.  228.5 206.  281.  321.5 267.  272.  276.
 261.  200.  299.5 280.  146.  377.  266.5 228.  230.5 275.5 209.  204.
 199.5 242.  292.5 266.5 141.  185.5 165.5 318.5 285.5 106.5 261.  340.
 196.  273.5 161.  167.5 147.5 217.5 278.  143.  233.5 334.5 143.  342.5
 198.  190.  297.  163.  154.  264.5 214.5 306.  299.  212.  276.  282.5
 246.5 278.5 172.  164.  248.5 249.5 311.5 269.5 215.5 253.  290.  123.
 323.  172.  222.  275.  227.  241.  148.5 291.5 128.  173.  293.5 161.
 246.  355.  308.  275.5 120.5 197.  112.5 259.5 278.5  59.   49.  227.5
 187.5 169.  164.5 293.  195.  163.5 267.  203.5 267.5 146.5 257.  154.5
 213.5 305.  273.5 190.5 325.5 332.  261.5 348.  146.  296.5 219.5 338.5
 325.5  84.  291.5 274.5 240.  296.5 313.  290.  142.  164.5 328.  244.5
 306.  179.5 228.5 288.  322.5 331.  295.  127.5 332.5 239.5 325.  283.5
 264.  226.  310.  337.5 124.5 288.  289.  246.   99.  314.5 288.5 246.5
 117.  141.  187.  229.5 179.  129.5 213.5 301.  173.5 208.  302.   68.
 261.  202.  271.  153.5 236.  180.  159.  308.5 233.5 291.5 206.  297.
 180.5 294.5 230.5 269.  313.5 253.  232.  257.5 350.5 177.5 150.  210.
 316.5 229.5 273.  244.5 228.5 252.  297.5 309.  240.  267.5 340.5 197.
 254.5 328.5 246.  352.5 249.  183.  208.  312.  359.  102.5 256.  166.5
 132.  351.   56.  119.  273.  357.  322.5 352.5 156.5 288.5 295.  289.5
 319.  249.  144.  371.5 219.  229.  290.5 220.  255.  224.5 232.5 297.5
 270.  120.5 281.  102.   85.5 309.  268.  231.5 277.5 117.5 366.  180.5
 333.  149.  270.  188.  229.5 274.5 296.  268.  292.  300.5  33.5 193.
 411.5 231.5 196.5 134.  221.5 287.5 146.5 176.  182.5 122.  194.5 279.
 109.  282.  288.  268.5 313.  331.  301.5 185.  174.  214.  131.5 171.5
 194.  278.5  95.  356.  294.  210.  192.  162.5 245.5 182.5 182.5  94.
 143.5 152.  147.   94.  172.5 300.5 226.5 100.5 201.  312.  115.  207.
 273.   96.5 174.  126.  326.5 240.5 265.5 211.  216.  142.  149.5 160.
 270.5 201.  258.  160.5 269.5 213.5  71.5 149.5 341.5 232.  307.  166.5
 262.  270.5 116.5 153.5 178.5 179.5 255.5 292.5 318.5 306.5 351.  222.5
 319.5 326.  168.5 309.5 351.5  54.   72.5 324.  179.  207.  222.  220.5
 251.  174.  110.  308.5 260.5 179.5 188.5 391.  282.5 297.  250.5 267.
 199.5 240.5 135.5 162.5 182.5 150.  312.5  88.  209.  146.5 208.5 158.5
 144.5 159.5 305.5 204.  105.5 134.  286.5 251.  311.5 174.  342.5 323.5
 100.5 272.  156.5 254.  329.5 168.  259.5 263.5 314.  173.  225.5 127.
 175.5 139.5 169.5 219.5 283.  125.  280.5 172.5 182.  236.  329.  224.
 121.5 293.5  87.5 106.5 221.5 339.5 293.5 231.  305.  151.   87.5 283.
 265.  190.  349.5 343.  171.  251.5 363.5 119.  195.  219.5 269.5 240.5
 168.  257.  296.  311.  155.  142.  177.  270.  283.  292.  149.5 323.5
 315.5 279.  285.  286.5 280.5 276.  146.5 243.5 194.5 164.5 293.  213.
 132.  242.  221.5 169.5 174.5  98.  288.  316.5 128.  197.  174.  221.
 157.  308.5 140.  280.5 267.  112.5 273.5 203.5 203.  286.5 328.5 144.5
 184.  309.5 197.  233.5 296.5 379.  233.5 142.  172.  217.5 222.5 142.5
 174.5 240.  222.  293.  182.5 320.  288.5 320.  150.5 213.5 314.5 174.5
 287.5 199.5 142.5 233.5 356.5 281.  377.5 322.  136.5 130.5 163.5 254.
 190.  197.  186.5 252.  143.5 249.  187.  144.5 143.5 244.5 163.5 204.5
 266.5 120.  190.  251.5 270.5 295.  178.5 271.5 268.  384.5  92.   97.5
 257.  225.  210.  162.  191.5 286.  256.  222.   55.5 386.  270.5  95.
 120.  222.5 250.  325.  122.  215.  161.5 107.5 110.5 157.5  78.5 200.
 225.5 224.  362.  215.5 252.  117.5 343.  379.  242.5 186.5  92.  211.5
 315.5 189.  213.  288.   53.  333.  300.  241.5 197.5 122.5 130.  152.5
 236.5  86.5 281.  184.5 249.5 257.  250.5 320.  143.5 252.  293.  307.
 280.5 223.5  61.  199.5 235.5 265.5  77.  175.  223.   70.  182.5 245.
 287.5  85.  173.5 241.   96.5  62.  120.  236.5 241.  205.5 316.  162.
 267.5 145.5 307.5 323.5 247.  243.  205.5 245.5 256.5 200.5 311.  278.
 152.  146.5 267.  284.5 257.5 166.5 170.5 327.   36.5 310.  296.5 213.5
 129.  310.5 365.5 339.  247.5 229.5 128.  299.5 167.  196.5 228.5 343.5
 175.5 323.5 336.5 206.  149.5 257.  381.5 228.5 222.5 306.  137.  169.
 366.5 102.  306.5 367.  273.5 316.5 331.  260.  252.5 338.  256.5 324.
 280.5 154.5 292.5 231.5 225.5 310.5 373.  227.  307.5 272.5 284.5 256.
 239.  282.5 172.  252.5 158.5 286.5 110.5 319.5 241.5 178.5 186.  339.5
 153.5 198.  178.  231.  213.  143.5 206.5 313.5 234.5 156.5 223.  317.5
 151.5 264.  224.  127.5 123.  294.5 129.  122.5 313.  284.  230.  269.5
 319.5 203.  228.5 304.  132.  336.  249.5 296.  172.  107.  342.5 234.
 174.5 153.  126.5 269.5 313.5 353.5 125.5 332.  301.5 219.  295.  272.
  77.5 264.5 161.  239.5 151.5 324.  231.5  64.  199.5  63.5 357.5 307.
 338.  308.5 247.5 180.5 315.5 233.  315.  341.5 277.5 239.5 131.  319.5
 266.  214.5 240.5 334.5 257.  224.  350.  320.5 240.  211.5 150.  312.
 237.  307.  282.5 314.  128.  289.  274.  344.  168.5 351.  234.5 314.
  86.5 247.  317.  219.5 210.   92.5 238.  267.5 187.  168.5 171.5 181.
 263.5 319.  111.  178. ]
[ 31.   34.   35.   46.   51.   37.   29.   38.   55.   30.   38.   24.
  37.   20.   28.   55.   44.   49.   43.   52.   32.   26.   33.   31.
  32.   38.   36.   30.   41.   29.   29.   44.   42.   32.   41.   42.
  36.   48.   45.   49.   46.   48.   29.   46.   45.   22.   34.   34.
  28.   48.   53.   37.   54.   24.   39.   30.   34.   55.   44.   28.
  26.   36.   19.   39.   41.   41.   42.   32.   37.   33.   38.   32.
  46.   43.   48.   46.   26.  199.5 187.5 181.5 191.5 101.5 171.  183.
 294.5 216.5 218.5 216.5 218.  209.  212.  217.  232.   58.5 114.  161.5
 176.5 180.5  74.   54.  281.  253.  258.  204.  262.5 277.5 265.5 363.5
 359.5 359.5 164.5 175.5 120.5 180.5 186.5 178.5 313.  315.  294.  267.5
 271.5 135.  268.5 180.  289.5 300.5 223.5 230.5 141.5 310.5 361.  226.5
 241.5 204.5 219.5 167.  154.5 174.  156.5 167.5 156.  193.  119.5 307.5
 235.  104.5 235.5 250.5 240.5 160.5 223.5 351.  135.  323.5 140.  129.
 164.5 222.5 240.  141.5 163.  156.5 199.5 223.5 264.5 364.5 400.5 212.5
 241.  289.5 313.  302.  304.  311.  305.  147.5 235.5 176.  290.5 301.5
 107.  204.5 138.5 128.5 301.  274.  215.5 337.  313.5 293.  301.5 213.5
 229.5 221.5 303.  138.  190.5 178.  151.  229.  238.  250.  257.  206.
 199.5 274.5 289.  265.5 290.5 305.5 138.5 188.  277.5 178.5 237.  108.
 262.5 321.5 151.5 258.  113.5 297.  273.  164.5 160.5 273.5 271.5 251.5
 302.   97.5 111.  220.5 235.5 376.  229.5 106.  325.5 384.5  88.  235.5
 320.5 281.  116.5 143.5 101.5 240.  272.5  87.  204.5 257.5 136.  276.5
 227.  292.5 243.  263.  274.5 251.  234.5 309.5 338.  151.  269.  163.
 310.5 262.  292.  264.5 254.  300.  162.  196.  299.  354.5 219.5 215.
 335.5 254.  335.5 317.5 275.  132.5 236.  126.  332.5 327.5 199.  242.
 141.5  78.  138.5 308.  180.  287.  114.  315.5 307.  292.5 296.5 238.5
 260.5 142.  220.5 288.5  66.5 318.  225.5 301.  171.  141.5 293.5 231.
 258.  283.5 171.5 112.5 162.  307.  204.  176.  275.5 102.  242.5 144.
 241.  118.5 240.5 329.5 314.  283.5 347.5 187.5 307.  342.5 367.5 293.
 260.5 284.  290.  292.5 168.5 141.5 176.5 312.  234.5 154.5 115.  194.5
 277.5 315.  208.5 281.  233.5 287.5 232.5 107.5 210.5 262.5 243.5 218.5
 377.  208.5 120.5  43.  346.5 307.5 180.5 270.  105.  313.  253.  208.
 309.5 258.5 164.5 289.5 302.  279.  316.5 139.  202.5 178.  316.  255.
 298.  120.5 190.  341.  327.  278.5 146.  242.5 262.  137.5 267.  117.
 306.  354.  135.5 141.  176.5  84.  238.5 157.5 339.  292.  344.  285.5
 168.5 253.  184.5 348.5 276.  319.  230.5  90.   79.5 314.  283.  211.
 117.  216.5 151.5 273.5  59.5 314.5 325.  234.  358.5 138.  326.5 166.
 293.  224.  175.5 359.5 247.  284.  309.5 204.   97.5 296.  183.  144.5
 305.  213.5 199.5 194.5 115.  255.  370.  218.5 192.  254.5 312.5  95.
 229.  181.  184.5 157.  242.5 229.5 305.5 283.  262.5 191.5 304.5 200.5
 163.  241.5  68.  357.5 249.5 151.5 159.  253.  161.  268.5 188.  308.
 282.  320.  207.  175.  377.5 174.  279.  102.  328.5 305.  274.5 105.
 263.5 380.  302.  292.  160.  373.  296.5 228.5 266.5 299.5 246.5 148.
 188.5 347.5 248.5 339.  332.  120.  240.5 298.  323.  174.  263.  149.
 149.  108.  189.  335.5 209.  175.5 328.  220.5 326.   83.5 272.5 279.
 239.   91.  297.  310.  283.5 176.  269.5 425.5 146.5  27.  259.  363.5
  69.   99.  337.5 143.  199.  211.5 285.5 317.  172.  322.5 276.  241.
 109.5 303.  206.  118.  241.5 288.   52.5 258.5 263.5 187.5 128.5 294.
 282.5 347.5 250.  244.5 117.  298.  170.  248.5 324.  284.  281.  216.
 261.  235.5 298.  245.5 262.  251.  335.5 187.5 359.  156.  335.  194.
 134.5 294.  183.  264.5 139.5 237.5 228.  203.5  68.  283.5 198.  315.
 253.  347.  312.5 301.  191.5 166.5 182.5 298.5 306.5 311.5 150.  374.5
 176.  369.5 256.  236.5 299.5 280.  308.  272.  309.5  56.  133.5 281.5
 213.  166.  387.  301.5 190.5 223.  253.  249.  124.5 186.  285.  312.
  59.5 241.  266.   65.  197.5 147.5 100.  150.  134.5 172.  187.5 229.
 121.  105.  210.  174.5 115.  282.5 252.5 163.5 123.5 283.  185.5 242.
 182.5 330.5 182.  264.  218.5 112.  255.  133.5 269.  214.  107.  247.5
 279.  118.  275.  173.5 269.5 161.  145.5 270.  298.5 301.  182.5 317.5
 294.5 186.5  58.5 107.  158.  339.5 174.5 358.  183.  296.  315.  216.
 166.5 300.  214.5 198.5 231.5 156.  253.  297.  345.  297.5 299.5 244.5
 283.5 182.5 325.  149.  163.  269.  253.5 223.  137.5 269.  325.  114.
 204.5 293.  232.  236.  257.  313.  236.   56.5 211.5 299.  233.5 172.
  95.  239.  294.5 232.5 177.  107.  291.5 283.5 221.5 228.5 311.5 204.5
 248.  291.  265.5  92.5 315.5 180.5 234.5 252.5 265.   42.  254.  310.
 245.  315.5 206.  257.  193.5 105.5 354.5 273.  140.  191.  152.  256.
 191.  320.5 303.  255.5 213.  197.5 197.  168.5 129.  292.  246.5 206.
 257.  175.5 236.  188.5 280.5 269.  198.  248.5 112.5 242.5 199.5 146.
 293.  229.5 269.5 189.5 259.  187.  245.  307.5 356.  314.5 319.  309.
 250.  140.5 232.5 197.  243.  313.5 220.5 325.  363.5 267.5 337.5 134.
 343.  193.5 186.5 173.5 163.5 289.  202.5 382.5 369.  321.5 272.  190.
 205.  100.  248.5 370.5 299.5 184.  256.  297.  303.  381.  375.5 343.5
 320.  308.  251.5 198.  233.  140.5 328.  179.5 201.5 314.  219.5 224.5
 346.5 354.  319.  280.5 298.5 201.  361.  228.  341.  281.5 193.  226.5
 213.  234.  262.  239.5 327.5 226.  257.5 288.  320.  318.5 123.5 352.
 242.5 394.5 100.5  49.  308.  237.5 188.  228.  368.5 234.5 138.  203.
 117.5 233.  222.  165.  281.  136.5 209.  259.5 121.5 275.  231.  334.5
 291.  231.5  77.5 346.5 195.5 329.5 250.5 240.5 274.  176.  269.5 197.
 195.5 258.  186.  297.  123.  174.  201.  274.  284.  217.  136.  143.5
 174.5 320.5 199.  192.  361.5 219.  183.5 223.5 152.  206.5 271.  224.
 169.5 303.  353.  190.  323.  326.  326.5 128.5 198.5 305.5 215.5 269.
 292.  212.5 148.  340.5 285.5 132.5 339.5 199.5 184.5 203.5 303.5 176.
 215.  228.5 215.5 205.  125.5 238.  292.5 152.5 300.  267.5 165.  305.
 235.  161.  150.  146.5 105.5 171.5 258.  142.5 265.   93.   65.5 255.5
 284.  312.5 258.5 107.  233.5 220.5 297.  247.5 203.5  71.  252.5 104.5
 290.5 310.  101.  317.5]
[ 39.   29.   33.   37.   36.   29.   39.   29.   52.   55.   39.   40.
  36.   36.   31.   48.   45.   32.   34.   40.   36.   31.   31.   27.
  31.   41.   44.   32.   28.   46.   44.   44.   37.   32.   42.   51.
  39.   44.   54.   46.   50.   42.   27.   47.   39.   39.   27.   43.
  28.   40.   41.   31.   37.   35.   30.   38.   34.   42.   30.   29.
  29.   36.   36.   25.   43.   26.   46.   49.   38.   34.   37.   36.
  34.   28.   40.   38.   50.  174.  184.  142.5 349.5 297.5 292.  281.
 121.5 221.  266.  270.  183.  221.  190.  190.  321.5 168.5 174.5 283.
 277.5 247.5 272.5 316.  206.  202.  312.  234.5 335.  313.  129.  194.5
 184.5 184.5 200.5 270.5 210.5 219.5 197.5 291.5 156.5 104.5 275.  244.5
 198.  239.5 229.  157.  255.5 217.  294.5 259.  232.5 311.  291.  327.
 325.  295.  304.5 404.  358.5 302.5 322.5 337.5 171.  171.  170.  168.
 381.5 407.5  47.5 251.5 365.5 240.5 355.5 185.  207.5 188.  216.5 237.5
 312.5 282.  342.5 370.5 305.5 318.5 106.  351.5 111.  305.5  99.  161.5
 268.  218.  268.  259.  146.5 196.  174.  136.  150.5 127.5 117.5 141.5
 205.5 195.5 159.5 260.5 278.  223.   64.5 214.  145.  234.  324.  303.
 302.  250.  277.  164.  154.  297.5 241.5 119.5  80.  236.  144.5  62.
 130.5  70.  264.5 289.  125.5 102.5 210.5 213.5 182.  303.5 326.   63.5
 350.  349.5 299.  171.5 171.5 268.  117.5 308.5 127.5 201.5 373.  345.5
 313.  337.5 293.  168.  258.5 136.  285.5 179.5 130.5 133.  104.  280.
 281.  163.5 385.  113.   71.5 324.  341.  258.   35.5 148.  251.5 317.5
  51.  225.5 161.  168.  385.  172.5 229.5 204.5 291.5 220.5 197.5 202.
  93.  138.  318.5 309.5 227.  309.  317.  261.5 235.5 314.  210.5  93.5
 256.  291.  220.  261.  138.  337.5 209.5 103.  195.5 283.  264.  247.
 108.5 279.  111.  160.   59.5 157.5 147.  383.  284.  159.5 142.5 306.5
 275.5 261.  242.  295.5 238.5 226.  153.  333.  287.  118.  257.5 253.
 201.  236.5 249.5 109.5 193.  244.5 249.5 250.  221.  250.  166.5 135.5
 221.  338.5 313.  203.  295.5 200.5 239.  306.  167.  141.  267.5 318.5
 275.5 175.  260.  156.5 267.  214.5 136.5 224.5 341.  267.5 256.5 337.
 286.5 298.5 338.  322.  151.  337.  322.5 208.  308.  142.  218.  198.
 310.  306.  168.5 179.  309.  254.5  46.  351.5 382.5 210.5 345.5 206.5
 103.5 191.5 202.5 203.  284.5 316.5 260.  204.5 200.5 340.  248.5 221.
 182.  293.  177.5  93.5 326.  150.  193.5 250.  313.  268.5 235.  251.
 115.  234.  206.  284.5 138.5  80.5 143.  314.  212.  317.  348.  333.5
 119.  220.5 168.5 278.  319.5 364.  105.  256.  324.5 172.  129.  233.
 185.5 313.  287.  341.  329.5 265.  412.5 310.5 232.5 150.  180.5 286.
 203.  301.  371.5 157.  330.  291.5 257.  238.  297.  287.   65.  305.5
 151.5 225.5 304.  224.5 375.  184.  202.  326.5 207.5 242.5 278.5 161.
 345.  254.5 310.5 326.  203.5 210.5 316.5 174.  135.5  90.  314.5 317.
 270.  319.  328.  319.5 333.  247.5 257.5 131.  223.  329.5 244.5 271.
 312.5 289.5 216.5 296.5 213.5 279.  281.  134.  290.  169.5 185.5 366.5
 188.  291.5 301.5 316.  311.  305.  266.  384.5  39.  288.   86.  310.5
 306.  197.5 268.5 185.  249.5 246.  186.  214.5 227.  244.5 362.  352.5
 246.5 218.  132.5 359.5 353.5  86.  232.  266.  245.5 259.  241.5 320.
 265.  285.  302.5 295.  203.5 256.  177.5 114.  178.5 268.5 321.  141.5
 283.5 321.  329.  307.  249.  144.5 252.5 326.5 356.   60.5 256.5 331.5
 307.  308.5 318.  153.5 276.5 219.5 285.  263.5 306.5 280.  173.  215.5
 318.  212.  218.  194.5 259.  245.5 282.5 217.5  82.  286.  148.5 218.5
 358.5 151.  250.5 151.5 282.   88.5 152.  215.5 225.  195.  194.  159.5
  74.5 262.  342.5 216.5 227.  129.5 256.5  98.5 298.5 134.  239.5 317.5
 280.5 197.5 110.  203.  236.5 284.5 280.  307.5 297.5 151.  337.  262.5
 285.5 346.  140.5 283.5 156.  374.  138.5 270.5 378.5 218.  208.5 219.5
 330.5 143.  199.   34.  295.  133.5 370.5 230.  361.5 331.5 208.  267.
  95.  227.5 284.5 291.5 177.5 230.  330.  113.  253.5 201.5 303.5 174.5
 229.5 379.5 339.  331.  280.  325.5 113.  313.5 103.  333.  195.  243.5
 360.  300.  231.  182.5 275.5 128.5 173.  250.5 240.  164.  276.  231.5
 196.  214.5 174.5 320.5 158.  191.  166.  204.  288.5 157.  338.5 222.
 252.5 292.5 319.  260.  318.  137.5 196.5 101.  280.  202.5 287.  219.
 254.  225.5 294.5 160.  278.  223.  144.5 153.  292.5 167.5 249.  236.
 231.  298.5 320.5 359.  246.5 281.  182.  367.5 369.  353.  229.5 167.5
 219.  269.5 350.5 288.  316.5 319.  266.5 137.5 155.  226.5 100.5 205.
 159.  254.  210.  158.5 247.  348.  224.  338.5 230.5 236.  281.  243.5
 370.5 317.  260.   98.  229.5 273.5 358.5 145.  240.  179.  323.5 245.
 245.5 372.5 190.5 309.5 243.  336.  212.  347.  338.  119.5 387.5 255.5
 294.5 148.5 150.5 165.  242.   59.5 354.5 294.5 331.  260.  285.5  97.
 293.5 129.  301.  280.  304.  311.5 343.5 307.  173.5 234.5 126.5 186.
 174.5 139.  131.  133.  316.  316.  321.5 131.5 186.  371.5 348.5 284.
  99.5 260.  214.  132.  250.5 128.5 221.5 249.5 201.5  60.   57.  203.5
 140.  278.5 194.5 207.5 301.  262.  195.5 230.5 347.5 232.5 294.5  86.
 193.5  62.5 318.  229.5 363.  228.  133.5 181.  245.5 101.   80.  240.5
 322.5 333.  200.5 132.5 354.5 303.5 297.  241.5 321.5 309.  210.5 292.
 328.  262.5 150.5 123.  184.  153.  183.5 337.  237.5 250.  131.5  40.5
 213.5 407.5 294.5 384.  230.5 242.5  84.  396.5 261.  316.5 267.5 215.
 314.5 191.5 360.5 307.5 109.  251.  193.  107.5 294.5 358.  164.5 250.5
 106.  313.  340.5 138.5 262.  256.  340.  304.  140.5 291.  230.5 160.5
 228.5 207.5 241.5 310.  216.  263.5 262.  307.  161.  333.5 311.5 300.
 279.5 309.  165.  349.  247.5 242.5 233.  146.  271.5 236.  142.5 176.
 220.5 240.  151.5 169.  249.  186.  325.  230.5 125.  171.5  93.5 228.
 150.5 308.  171.  313.5 311.5 256.5 302.5  73.  191.5 215.5 264.  252.
 320.  323.  274.5 322.  381.  261.5 246.5 200.5 110.  272.  348.5 184.5
 244.5 220.5 249.  218.5 122.5 301.  317.  255.  265.  235.5 146.  305.
 142.5 233.  199.  318.  155.5 102.   84.  339.5 211.  237.5 286.  206.5
 133.5 115.5 144.  323.  207.5 212.  244.5 325.5 253.5 280.  209.  293.
 118.  241.5 277.5 175.5]
[ 25.   32.   51.   38.   54.   30.   38.   40.   48.   27.   48.   45.
  37.   39.   37.   38.   36.   44.   54.   33.   30.   34.   35.   43.
  28.   32.   41.   30.   28.   54.   48.   34.   50.   31.   58.   51.
  41.   47.   56.   46.   32.   43.   36.   34.   41.   32.   43.   32.
  42.   45.   38.   29.   34.   35.   39.   32.   40.   40.   43.   36.
  30.   25.   36.   31.   49.   43.   35.   33.   42.   42.   46.   38.
  48.   41.   39.   45.   57.  219.5 281.5 293.5 340.5 114.5 268.5 130.5
 107.5 180.  194.  320.  327.  315.  167.5 300.  121.  303.  279.  355.5
 372.5 171.5 191.5 159.5 251.5 253.5 333.  332.  338.  195.  164.  223.5
 227.5 190.  244.  263.  305.  261.  243.5 250.5 127.5 141.5 182.5 299.5
 184.5 115.5 209.  225.  202.  195.   91.  128.  191.5 238.  165.5 167.5
 181.5 151.5 143.5 286.5 315.5 189.5 200.5 289.5 285.5 299.5 226.5 302.
 294.  300.  315.5 311.5 336.5 150.5 327.5 291.5 127.  315.5 316.5 284.5
 305.5 208.   89.5 252.5 138.  310.5 307.5 256.  245.  148.  136.  122.
 233.  260.  153.5 302.  300.  154.5 131.5 138.5 256.  136.  119.  257.5
 317.5 256.  308.5  58.  310.5 177.5 360.5 222.5 261.5 244.5 255.5 281.5
 261.   82.5  55.5 176.5 269.5 283.5 171.5 253.  167.5 342.   48.  167.5
 305.   48.  296.  298.5 344.  356.5 276.5 145.5 166.5 172.  270.5 132.
 146.  167.  161.  342.5 352.  362.  353.  342.  170.  211.  342.5 196.5
 277.  148.5 220.5  96.  226.5 273.  256.5 150.  212.   68.5 223.  272.
 210.  272.  295.5 139.  251.5 154.  278.  114.5 218.5 191.  228.5 165.5
 195.5 215.5 260.  293.  111.5 269.  249.5 280.5 203.  270.  105.5 253.
 310.5 173.   90.  161.5  74.5 181.5 183.5  87.5 110.5 325.5 311.5 316.5
 179.5 216.5 303.  244.   43.   62.5 250.  202.5 281.  240.5 176.  226.
 170.  255.  287.5 122.5 207.  282.  223.5 175.  162.5 321.  229.5 287.
 314.5 104.  215.5 314.5 219.  214.  103.5 321.  275.  342.5 167.  330.
 233.5 244.  212.5 248.5 294.5 149.5 359.5 305.5 125.5 164.5  73.  297.5
 284.5 282.  291.5 340.  285.5 184.  233.5 232.5 191.  319.  325.  291.
 332.  133.  195.5 162.5 150.5 286.   91.5 254.5 328.  343.  110.  307.
 325.  310.5 160.  319.  285.5 245.5 316.  132.5 224.5 248.5 346.5 102.5
 295.  241.  335.5 257.5 115.  348.5 125.5 193.5 156.5 205.  270.5 228.5
 123.  274.   77.5 100.  365.  351.5 139.5 172.  211.5 262.  215.  137.5
 131.  250.  132.5 115.  212.  339.  314.5 316.  320.  223.5 238.  313.
 241.   61.  285.5 159.  208.5 384.  397.5 213.5 370.5 349.5 243.5 314.5
  87.5 227.  197.  363.5 241.5 362.  225.5 320.5 177.5 265.   73.  307.5
 316.5 328.  322.   81.  267.5 308.  143.  331.  288.5 369.5 168.  115.
 325.5 245.  330.  203.  355.  306.5 371.  245.  318.5 192.  224.  327.
 199.5 202.5 344.5 291.5 163.  275.  339.  317.  353.5 149.5 137.  320.
 266.5 364.  368.  313.  165.5 129.  309.  247.  249.5 228.  331.5 356.5
 225.5 103.  338.  312.  170.5 176.5 163.5 283.5 345.  247.  278.5 264.5
 234.5 134.5 218.5 186.  170.  242.5 238.  193.5 120.5 225.5 296.  203.
  44.  161.  322.5 249.  276.  198.5 281.  204.   81.5 225.5 165.  272.
 205.5 246.5 280.5 166.  106.  284.5 366.  213.  141.  125.  212.  274.5
 126.  211.  187.5 266.5 126.  219.   95.  117.5 325.5 260.   43.  139.5
 301.  234.5 124.5 306.  264.  147.5 339.  283.  240.  337.  132.  233.5
 153.  266.  300.5 217.5 303.5 106.  272.5 336.5  80.  151.  298.5 299.5
 247.   76.  267.  200.5 330.  333.  148.  207.5 218.5 178.5 271.5 242.5
 292.  269.  262.  293.  235.5  86.5 281.  164.  317.  199.5 140.5 191.
 156.5 130.5  38.5 130.  170.5 106.  205.  101.5 268.5 324.5 343.   37.
 223.5 272.5 320.  324.  174.  312.  162.  103.5 249.  360.5 158.  191.5
  62.  181.5  58.5 223.5 239.5 185.5 342.  160.5 192.5 326.  287.5 207.5
 113.5 241.  310.  361.5 264.5 350.5 337.  158.5 330.   99.  217.  280.
 192.  300.  276.  213.   94.  214.  252.  338.  278.  234.5 183.5 349.
 189.  287.5 289.  307.   55.  140.5 227.5 356.5 187.  202.5 283.5 224.
 286.  240.  378.  157.  165.  264.  167.5 356.5 274.  387.  189.  288.
 111.5 122.  211.5 291.5 314.  202.  219.5 318.  129.5 191.  247.5 380.5
 158.  309.  349.  268.5 341.   55.5 278.  257.5 339.5 289.5 347.5 344.
 240.5 244.5 247.5 296.  250.5 202.5 152.  203.  294.  194.5 279.5 280.5
 330.5 315.5 281.  197.5 294.5 333.5 229.5 216.5 343.  291.  117.   80.
 189.5 241.5 330.5 229.5 316.5 322.5 304.5 244.5 224.5 295.  253.  304.
 208.  224.5 311.5 306.  150.  212.5 142.  131.5 237.  123.  307.5 300.
 172.  259.5 299.  148.  128.  208.  280.5 234.  250.  370.5 287.  198.5
 296.5 265.5 325.5 160.5 321.5 261.5 235.  245.5 118.  107.  262.   73.5
 203.5 252.  286.  132.5 278.  229.  316.  175.  264.  204.  293.  256.
 248.5 292.  155.  261.5  84.  286.5 181.5 106.5 142.5 175.  280.5 264.
 225.5 165.5 339.  285.5 373.  141.   77.5 288.5  91.   97.5  80.5 254.
 243.5 271.5 253.  223.5 311.  185.  248.  240.  340.  311.  317.  141.
 225.5 208.  208.5 247.  151.  181.  318.  274.5 297.  155.5  91.  218.
 361.  168.5 151.5 145.  161.5 203.5 317.5 342.  219.5 262.5 160.  262.
 315.  207.  213.5 226.  303.5 344.5 108.5 142.5 281.  318.  271.  304.5
 317.  153.  223.  323.  245.5 147.  239.5 229.5 181.  305.  315.5 326.
 367.  175.5 178.  168.  239.5 386.5 198.5 263.5 236.5 331.  159.5 139.
 209.  125.5 314.  250.5 309.  186.5 299.  246.5  65.5 271.5 168.5 262.
 177.  218.5 326.5 287.5 195.  149.5 161.5 284.  283.  261.5 158.5 240.5
 179.5 338.5 284.  205.5 320.  231.  267.   76.5 339.5 197.5 229.5 190.5
 246.  290.5 124.  231.5 279.  200.5 176.  320.5 190.  195.  290.  327.
 351.  187.  298.5 363.  244.5 329.  104.   82.  318.  308.5 122.  234.5
 242.  208.5 310.5 264.5 392.5 270.5 233.5 296.5 302.5 210.5  35.5 318.
 160.5 333.5 321.5 309.  195.5 165.5 220.  301.  271.  268.  144.  175.5
 314.  199.  305.  279.  212.5 311.5 216.  303.5 303.5 208.5 269.5 246.
 251.5  97.5 299.  186.5 115.5 154.5 353.5 303.  199.5 188.5 286.5 141.5
 173.5 293.  174.   62.  361.5  75.  232.  174.5 294.  309.5 203.5 210.5
 229.  351.  338.5 235.  298.5 105.5 305.  226.5  91.   66.  240.5 166.
 102.  321.  240.5 244.5]
