[696.  697.5 654.  740.  735.  303.  630.5 728.5 344.5 699.5 699.  640.5
 589.  682.5 731.5 654.  638.5 411.5 742.5 423.  697.  715.5 745.  728.
 681.5 264.5 753.5 748.5 729.  656.5 762.  705.  761.  693.5 503.5 644.
 747.5 716.  609.  730.  733.  711.5 509.  655.5 224.5 456.  670.  255.5
 601.5 440.5 702.  455.5 502.  703.5 719.  755.  752.  729.  711.5 559.5
 249.  684.  727.5 618.  687.5 727.  576.5 746.5 617.  753.  740.5 703.
 309.5 714.  729.  728.5 697.5 562.  479.  551.5 735.  352.  732.  739.
 659.  536.5 748.  732.5 682.  650.5 549.5 746.  749.5 757.5 649.5 715.5
 450.  706.5 564.5 748.  722.  741.  741.  756.  765.  771.  758.  770.
 554.  776.  730.5 711.  474.  624.  585.  741.  765.5 753.5 369.5 636.
 661.5 277.  303.5 757.5 769.  165.  174.  737.5 743.5 765.5 434.  678.
 198.5 734.5 455.  711.5 361.5 506.5 728.  626.5 688.  724.  744.  443.5
 412.  454.  598.  716.  496.5 675.5 330.  329.  544.5 300.  720.5 703.
 192.5 639.5 387.5 334.  745.5 760.5 743.5 609.5 398.5 548.  337.5 710.5
 740.5 741.5 725.5 741.  755.5 745.  759.  710.  721.5 713.5 757.  597.5
 709.5 489.  495.  600.  761.  509.5 734.5 664.5 649.  726.  427.5 736.5
 445.  715.  299.5 445.  548.  744.  758.  685.  734.  580.5 658.  610.
 514.  748.5 736.  394.5 568.5 355.5 723.5 648.5 642.5 718.5 686.  762.
 474.  452.  343.  551.5 682.5 709.  599.  606.  431.5 578.5 542.5 228.5
 364.  653.  661.5 579.  624.5 706.5 703.5 743.5 674.  443.  258.5 740.
 464.  706.  732.  718.5 523.5 605.5 730.  734.5 500.5 715.5 516.5 721.
 390.  665.5 737.  604.5 610.  736.5 546.  607.  699.  741.  422.5 582.5
 102.  633.5 253.5 251.5 740.  616.5 704.  400.5 692.5 697.5 725.5 207.5
 457.  528.  651.5 714.5 726.5 704.5 388.5 706.5 661.  718.  683.5 674.5
 297.5 680.5 720.5 449.5 746.5 623.5 735.5 740.5 446.5 461.  341.5 692.
 734.5 674.  711.5 464.  406.5 727.  575.  646.  553.5 721.5 707.  307.
 337.5 621.  648.5 697.5 650.  345.5 706.  748.  516.  619.5 693.5 732.
 766.  353.  735.  694.5 716.  657.  717.  621.5 692.5 662.  719.5 694.
 709.5 389.  727.5 713.5]
[778.  776.  776.  773.  771.  771.  771.  770.  770.  769.5 769.  769.
 766.  766.  765.5 765.5 765.5 765.  765.  764.5 763.  762.  762.  761.5
 761.  761.  761.  760.5 760.5 760.  759.5 759.  759.  758.5 758.  758.
 758.  757.5 757.5 757.5 757.  756.5 756.5 756.  755.5 755.  755.  755.
 753.5 753.5 753.5 753.5 753.5 753.5 753.5 753.  753.  753.  752.5 752.
 752.  751.  750.  749.5 749.5 749.5 749.5 749.  748.5 748.5 748.  748.
 748.  748.  748.  748.  748.  748.  747.5 747.5 747.  746.5 746.5 746.5
 746.5 746.  746.  745.5 745.5 745.5 745.  745.  745.  745.  745.  744.5
 744.  744.  744.  744.  744.  743.5 743.5 743.5 743.  742.5 742.  741.5
 741.5 741.  741.  741.  741.  741.  741.  741.  740.5 740.5 740.5 740.5
 740.5 740.5 740.  740.  740.  740.  739.5 739.  738.  737.5 737.  737.
 737.  737.  736.5 736.5 736.5 736.  735.5 735.  735.  735.  735.  734.5
 734.5 734.5 734.5 734.  734.  734.  734.  734.  733.5 733.5 733.  733.
 733.  732.5 732.5 732.  732.  732.  732.  732.  731.5 731.5 731.  730.5
 730.5 730.5 730.  730.  730.  730.  729.5 729.  729.  729.  729.  728.5
 728.5 728.  728.  728.  728.  727.5 727.5 727.5 727.  727.  726.5 726.
 726.  725.5 725.5 725.5 725.  725.  724.  724.  723.5 722.5 722.5 722.
 721.5 721.5 721.5 721.  721.  720.5 720.5 719.5 719.5 719.  718.5 718.5
 718.  717.  717.  716.  716.  716.  716.  715.5 715.5 715.5 715.5 715.5
 715.  715.  715.  714.5 714.  713.5 713.5 712.  712.  711.5 711.5 711.5
 711.5 711.  710.5 710.5 710.  710.  709.5 709.5 709.  708.  707.  707.
 706.5 706.5 706.5 706.  706.  705.  704.5 704.  704.  704.  703.5 703.5
 703.  703.  702.5 702.  699.5 699.  699.  699.  697.5 697.5 697.5 697.5
 697.  696.  695.  694.5 694.5 694.5 694.  693.5 693.5 693.5 693.5 692.5
 692.5 692.  688.  687.5 686.  685.  684.  683.5 682.5 682.5 682.  681.5
 680.5 678.  678.  675.5 674.5 674.  674.  670.5 670.  665.5 664.5 662.
 662.  661.5 661.5 661.  659.  659.  658.  658.  657.  656.5 655.5 654.
 654.  653.5 653.  651.5 650.5 650.  649.5 649.  648.5 648.5 646.  644.
 642.5 642.5 640.5 639.5]
[778.  777.  776.5 776.  776.  776.  775.  774.5 773.  773.  773.  772.5
 771.5 771.  771.  771.  771.  770.  770.  770.  770.  769.5 769.5 769.
 769.  769.  766.  766.  766.  766.  765.5 765.5 765.5 765.5 765.5 765.5
 765.5 765.  765.  764.5 764.5 764.  763.5 763.5 763.  763.  763.  763.
 763.  762.  762.  761.5 761.5 761.5 761.  761.  761.  761.  760.5 760.5
 760.  759.5 759.  759.  759.  759.  759.  758.5 758.  758.  758.  758.
 758.  758.  757.5 757.5 757.5 757.5 757.5 757.5 757.  756.5 756.5 756.5
 756.5 756.  756.  755.5 755.  755.  755.  754.  753.5 753.5 753.5 753.5
 753.5 753.5 753.5 753.5 753.5 753.  753.  753.  753.  753.  753.  752.5
 752.5 752.5 752.  752.  752.  751.5 751.5 751.  751.  751.  751.  750.
 750.  750.  749.5 749.5 749.5 749.5 749.5 749.5 749.5 749.  749.  748.5
 748.5 748.5 748.5 748.  748.  748.  748.  748.  748.  748.  748.  748.
 748.  748.  748.  748.  747.5 747.5 747.  747.  746.5 746.5 746.5 746.5
 746.5 746.5 746.5 746.5 746.  746.  746.  745.5 745.5 745.5 745.5 745.
 745.  745.  745.  745.  745.  745.  745.  744.5 744.  744.  744.  744.
 744.  743.5 743.5 743.5 743.  743.  743.  742.5 742.  742.  741.5 741.5
 741.5 741.  741.  741.  741.  741.  741.  741.  741.  741.  741.  741.
 740.5 740.5 740.5 740.5 740.5 740.5 740.5 740.  740.  740.  740.  740.
 739.5 739.5 739.5 739.  739.  738.5 738.5 738.  738.  738.  738.  738.
 737.5 737.  737.  737.  737.  737.  736.5 736.5 736.5 736.5 736.5 736.
 736.  735.5 735.5 735.  735.  735.  735.  734.5 734.5 734.5 734.5 734.
 734.  734.  734.  734.  734.  733.5 733.5 733.5 733.5 733.  733.  733.
 733.  732.5 732.5 732.  732.  732.  732.  732.  732.  732.  731.5 731.5
 731.5 731.  731.  731.  730.5 730.5 730.5 730.  730.  730.  730.  729.5
 729.  729.  729.  729.  728.5 728.5 728.5 728.  728.  728.  728.  728.
 727.5 727.5 727.5 727.  727.  727.  727.  726.5 726.5 726.5 726.  726.
 726.  725.5 725.5 725.5 725.5 725.  725.  725.  725.  725.  724.  724.
 723.5 722.5 722.5 722.  721.5 721.5 721.5 721.  721.  721.  721.  720.5
 720.5 719.5 719.5 719. ]
[783.  779.5 779.  778.  777.  777.  776.5 776.5 776.  776.  776.  776.
 776.  775.  774.5 774.5 773.  773.  773.  773.  773.  772.5 772.  771.5
 771.  771.  771.  771.  771.  771.  770.5 770.  770.  770.  770.  770.
 769.5 769.5 769.  769.  769.  769.  769.  768.  768.  766.  766.  766.
 766.  766.  766.  766.  765.5 765.5 765.5 765.5 765.5 765.5 765.5 765.5
 765.5 765.5 765.  765.  765.  764.5 764.5 764.5 764.5 764.  764.  763.5
 763.5 763.  763.  763.  763.  763.  763.  763.  763.  763.  762.5 762.
 762.  762.  761.5 761.5 761.5 761.  761.  761.  761.  761.  761.  761.
 760.5 760.5 760.5 760.  760.  760.  760.  759.5 759.5 759.  759.  759.
 759.  759.  759.  759.  758.5 758.5 758.  758.  758.  758.  758.  758.
 758.  758.  758.  757.5 757.5 757.5 757.5 757.5 757.5 757.  757.  757.
 757.  756.5 756.5 756.5 756.5 756.5 756.5 756.5 756.  756.  756.  756.
 756.  755.5 755.  755.  755.  754.  754.  753.5 753.5 753.5 753.5 753.5
 753.5 753.5 753.5 753.5 753.5 753.5 753.5 753.5 753.5 753.  753.  753.
 753.  753.  753.  752.5 752.5 752.5 752.  752.  752.  752.  751.5 751.5
 751.5 751.  751.  751.  751.  751.  751.  750.  750.  750.  750.  750.
 750.  749.5 749.5 749.5 749.5 749.5 749.5 749.5 749.5 749.5 749.5 749.5
 749.5 749.  749.  749.  749.  748.5 748.5 748.5 748.5 748.5 748.  748.
 748.  748.  748.  748.  748.  748.  748.  748.  748.  748.  748.  748.
 748.  748.  747.5 747.5 747.5 747.5 747.  747.  746.5 746.5 746.5 746.5
 746.5 746.5 746.5 746.5 746.5 746.5 746.  746.  746.  746.  745.5 745.5
 745.5 745.5 745.5 745.5 745.  745.  745.  745.  745.  745.  745.  745.
 745.  744.5 744.5 744.5 744.  744.  744.  744.  744.  743.5 743.5 743.5
 743.  743.  743.  743.  743.  742.5 742.  742.  741.5 741.5 741.5 741.5
 741.  741.  741.  741.  741.  741.  741.  741.  741.  741.  741.  741.
 741.  741.  741.  741.  741.  741.  741.  741.  740.5 740.5 740.5 740.5
 740.5 740.5 740.5 740.5 740.5 740.5 740.5 740.  740.  740.  740.  740.
 740.  740.  740.  740.  739.5 739.5 739.5 739.5 739.  739.  739.  739.
 738.5 738.5 738.5 738. ]
[794.  793.  787.  783.  780.  780.  779.5 779.5 779.  778.5 778.5 778.
 778.  777.5 777.  777.  777.  776.5 776.5 776.5 776.  776.  776.  776.
 776.  776.  776.  776.  776.  775.  775.  774.5 774.5 774.5 773.5 773.
 773.  773.  773.  773.  773.  773.  773.  772.5 772.5 772.  772.  771.5
 771.  771.  771.  771.  771.  771.  771.  771.  771.  770.5 770.5 770.5
 770.  770.  770.  770.  770.  770.  769.5 769.5 769.5 769.  769.  769.
 769.  769.  769.  769.  768.  768.  767.  766.  766.  766.  766.  766.
 766.  766.  766.  766.  766.  766.  766.  765.5 765.5 765.5 765.5 765.5
 765.5 765.5 765.5 765.5 765.5 765.  765.  765.  765.  765.  764.5 764.5
 764.5 764.5 764.5 764.5 764.5 764.  764.  764.  763.5 763.5 763.5 763.5
 763.  763.  763.  763.  763.  763.  763.  763.  763.  763.  763.  763.
 763.  763.  763.  762.5 762.  762.  762.  762.  762.  762.  762.  762.
 762.  762.  761.5 761.5 761.5 761.5 761.  761.  761.  761.  761.  761.
 761.  761.  761.  760.5 760.5 760.5 760.5 760.5 760.  760.  760.  760.
 760.  759.5 759.5 759.  759.  759.  759.  759.  759.  759.  759.  759.
 759.  759.  758.5 758.5 758.  758.  758.  758.  758.  758.  758.  758.
 758.  758.  758.  757.5 757.5 757.5 757.5 757.5 757.5 757.5 757.5 757.
 757.  757.  757.  757.  757.  757.  757.  756.5 756.5 756.5 756.5 756.5
 756.5 756.5 756.5 756.  756.  756.  756.  756.  756.  756.  755.5 755.
 755.  755.  755.  754.5 754.  754.  754.  753.5 753.5 753.5 753.5 753.5
 753.5 753.5 753.5 753.5 753.5 753.5 753.5 753.5 753.5 753.5 753.5 753.
 753.  753.  753.  753.  753.  753.  753.  753.  753.  752.5 752.5 752.5
 752.5 752.5 752.  752.  752.  752.  751.5 751.5 751.5 751.5 751.  751.
 751.  751.  751.  751.  751.  751.  751.  751.  750.5 750.  750.  750.
 750.  750.  750.  749.5 749.5 749.5 749.5 749.5 749.5 749.5 749.5 749.5
 749.5 749.5 749.5 749.5 749.  749.  749.  749.  749.  748.5 748.5 748.5
 748.5 748.5 748.  748.  748.  748.  748.  748.  748.  748.  748.  748.
 748.  748.  748.  748.  748.  748.  748.  748.  747.5 747.5 747.5 747.5
 747.  747.  747.  747. ]
[794.5 794.  793.  793.  787.  787.  785.  783.  783.  782.5 780.  780.
 779.5 779.5 779.  778.5 778.5 778.5 778.  778.  778.  778.  777.5 777.5
 777.  777.  777.  776.5 776.5 776.5 776.5 776.5 776.  776.  776.  776.
 776.  776.  776.  776.  776.  776.  776.  776.  776.  775.  775.  775.
 774.5 774.5 774.5 773.5 773.5 773.  773.  773.  773.  773.  773.  773.
 773.  773.  773.  773.  772.5 772.5 772.5 772.  772.  771.5 771.5 771.
 771.  771.  771.  771.  771.  771.  771.  771.  771.  770.5 770.5 770.5
 770.5 770.5 770.5 770.5 770.  770.  770.  770.  770.  770.  770.  770.
 770.  769.5 769.5 769.5 769.5 769.  769.  769.  769.  769.  769.  769.
 769.  769.  769.  768.  768.  768.  767.  766.5 766.  766.  766.  766.
 766.  766.  766.  766.  766.  766.  766.  766.  766.  766.  766.  766.
 765.5 765.5 765.5 765.5 765.5 765.5 765.5 765.5 765.5 765.5 765.  765.
 765.  765.  765.  765.  765.  765.  764.5 764.5 764.5 764.5 764.5 764.5
 764.5 764.5 764.5 764.  764.  764.  764.  764.  764.  763.5 763.5 763.5
 763.5 763.  763.  763.  763.  763.  763.  763.  763.  763.  763.  763.
 763.  763.  763.  763.  763.  763.  763.  762.5 762.  762.  762.  762.
 762.  762.  762.  762.  762.  762.  761.5 761.5 761.5 761.5 761.  761.
 761.  761.  761.  761.  761.  761.  761.  761.  760.5 760.5 760.5 760.5
 760.5 760.5 760.  760.  760.  760.  760.  760.  759.5 759.5 759.5 759.5
 759.5 759.  759.  759.  759.  759.  759.  759.  759.  759.  759.  759.
 759.  759.  758.5 758.5 758.5 758.  758.  758.  758.  758.  758.  758.
 758.  758.  758.  758.  758.  758.  758.  758.  757.5 757.5 757.5 757.5
 757.5 757.5 757.5 757.5 757.5 757.  757.  757.  757.  757.  757.  757.
 757.  757.  757.  756.5 756.5 756.5 756.5 756.5 756.5 756.5 756.5 756.
 756.  756.  756.  756.  756.  756.  756.  756.  755.5 755.5 755.  755.
 755.  755.  755.  755.  754.5 754.  754.  754.  754.  753.5 753.5 753.5
 753.5 753.5 753.5 753.5 753.5 753.5 753.5 753.5 753.5 753.5 753.5 753.5
 753.5 753.  753.  753.  753.  753.  753.  753.  753.  753.  753.  752.5
 752.5 752.5 752.5 752.5]
[794.5 794.5 794.  793.  793.  793.  787.  787.  785.  785.  783.  783.
 783.  782.5 780.5 780.5 780.  780.  780.  780.  779.5 779.5 779.5 779.5
 779.5 779.  779.  778.5 778.5 778.5 778.5 778.  778.  778.  778.  778.
 777.5 777.5 777.  777.  777.  777.  777.  776.5 776.5 776.5 776.5 776.5
 776.  776.  776.  776.  776.  776.  776.  776.  776.  776.  776.  776.
 776.  776.  776.  776.  775.  775.  775.  775.  775.  775.  774.5 774.5
 774.5 773.5 773.5 773.  773.  773.  773.  773.  773.  773.  773.  773.
 773.  773.  772.5 772.5 772.5 772.  772.  771.5 771.5 771.  771.  771.
 771.  771.  771.  771.  771.  771.  771.  771.  771.  771.  771.  770.5
 770.5 770.5 770.5 770.5 770.5 770.5 770.5 770.5 770.5 770.5 770.  770.
 770.  770.  770.  770.  770.  770.  770.  770.  770.  769.5 769.5 769.5
 769.5 769.5 769.5 769.5 769.  769.  769.  769.  769.  769.  769.  769.
 769.  769.  768.5 768.  768.  768.  767.  766.5 766.5 766.  766.  766.
 766.  766.  766.  766.  766.  766.  766.  766.  766.  766.  766.  766.
 766.  766.  766.  765.5 765.5 765.5 765.5 765.5 765.5 765.5 765.5 765.5
 765.5 765.  765.  765.  765.  765.  765.  765.  765.  765.  765.  765.
 765.  764.5 764.5 764.5 764.5 764.5 764.5 764.5 764.5 764.5 764.5 764.
 764.  764.  764.  764.  764.  763.5 763.5 763.5 763.5 763.5 763.5 763.
 763.  763.  763.  763.  763.  763.  763.  763.  763.  763.  763.  763.
 763.  763.  763.  763.  763.  763.  763.  763.  763.  762.5 762.  762.
 762.  762.  762.  762.  762.  762.  762.  762.  762.  762.  761.5 761.5
 761.5 761.5 761.5 761.  761.  761.  761.  761.  761.  761.  761.  761.
 761.  760.5 760.5 760.5 760.5 760.5 760.5 760.5 760.5 760.  760.  760.
 760.  760.  760.  760.  759.5 759.5 759.5 759.5 759.5 759.5 759.  759.
 759.  759.  759.  759.  759.  759.  759.  759.  759.  759.  759.  758.5
 758.5 758.5 758.  758.  758.  758.  758.  758.  758.  758.  758.  758.
 758.  758.  758.  758.  758.  758.  758.  757.5 757.5 757.5 757.5 757.5
 757.5 757.5 757.5 757.5 757.5 757.  757.  757.  757.  757.  757.  757.
 757.  757.  757.  756.5]
[806.5 794.5 794.5 794.  793.  793.  793.  793.  793.  793.  787.  787.
 785.  785.  784.5 783.  783.  783.  782.5 782.  781.5 781.  780.5 780.5
 780.5 780.  780.  780.  780.  780.  780.  780.  780.  779.5 779.5 779.5
 779.5 779.5 779.5 779.5 779.  779.  778.5 778.5 778.5 778.5 778.5 778.5
 778.5 778.  778.  778.  778.  778.  778.  778.  778.  777.5 777.5 777.
 777.  777.  777.  777.  777.  777.  776.5 776.5 776.5 776.5 776.5 776.5
 776.5 776.  776.  776.  776.  776.  776.  776.  776.  776.  776.  776.
 776.  776.  776.  776.  776.  776.  776.  776.  776.  776.  775.5 775.
 775.  775.  775.  775.  775.  775.  774.5 774.5 774.5 774.5 773.5 773.5
 773.5 773.5 773.  773.  773.  773.  773.  773.  773.  773.  773.  773.
 773.  772.5 772.5 772.5 772.  772.  772.  772.  772.  772.  771.5 771.5
 771.5 771.5 771.5 771.  771.  771.  771.  771.  771.  771.  771.  771.
 771.  771.  771.  771.  771.  771.  771.  771.  770.5 770.5 770.5 770.5
 770.5 770.5 770.5 770.5 770.5 770.5 770.5 770.5 770.5 770.5 770.5 770.
 770.  770.  770.  770.  770.  770.  770.  770.  770.  770.  770.  770.
 769.5 769.5 769.5 769.5 769.5 769.5 769.5 769.5 769.5 769.5 769.  769.
 769.  769.  769.  769.  769.  769.  769.  769.  769.  768.5 768.  768.
 768.  768.  767.5 767.  767.  766.5 766.5 766.5 766.  766.  766.  766.
 766.  766.  766.  766.  766.  766.  766.  766.  766.  766.  766.  766.
 766.  766.  766.  766.  766.  765.5 765.5 765.5 765.5 765.5 765.5 765.5
 765.5 765.5 765.5 765.5 765.5 765.  765.  765.  765.  765.  765.  765.
 765.  765.  765.  765.  765.  765.  765.  764.5 764.5 764.5 764.5 764.5
 764.5 764.5 764.5 764.5 764.5 764.5 764.  764.  764.  764.  764.  764.
 764.  764.  763.5 763.5 763.5 763.5 763.5 763.5 763.5 763.  763.  763.
 763.  763.  763.  763.  763.  763.  763.  763.  763.  763.  763.  763.
 763.  763.  763.  763.  763.  763.  763.  763.  763.  763.  762.5 762.5
 762.5 762.  762.  762.  762.  762.  762.  762.  762.  762.  762.  762.
 762.  762.  761.5 761.5 761.5 761.5 761.5 761.  761.  761.  761.  761.
 761.  761.  761.  761. ]
[806.5 806.5 801.  794.5 794.5 794.5 794.  793.  793.  793.  793.  793.
 793.  793.  793.  787.  787.  785.  785.  785.  784.5 783.  783.  783.
 782.5 782.  782.  781.5 781.  780.5 780.5 780.5 780.5 780.  780.  780.
 780.  780.  780.  780.  780.  780.  779.5 779.5 779.5 779.5 779.5 779.5
 779.5 779.5 779.  779.  778.5 778.5 778.5 778.5 778.5 778.5 778.5 778.5
 778.5 778.5 778.5 778.  778.  778.  778.  778.  778.  778.  778.  778.
 778.  777.5 777.5 777.5 777.  777.  777.  777.  777.  777.  777.  777.
 777.  777.  776.5 776.5 776.5 776.5 776.5 776.5 776.5 776.5 776.5 776.
 776.  776.  776.  776.  776.  776.  776.  776.  776.  776.  776.  776.
 776.  776.  776.  776.  776.  776.  776.  776.  776.  776.  776.  776.
 775.5 775.  775.  775.  775.  775.  775.  775.  774.5 774.5 774.5 774.5
 774.5 773.5 773.5 773.5 773.5 773.  773.  773.  773.  773.  773.  773.
 773.  773.  773.  773.  773.  773.  772.5 772.5 772.5 772.5 772.  772.
 772.  772.  772.  772.  772.  772.  772.  771.5 771.5 771.5 771.5 771.5
 771.5 771.  771.  771.  771.  771.  771.  771.  771.  771.  771.  771.
 771.  771.  771.  771.  771.  771.  771.  771.  771.  771.  770.5 770.5
 770.5 770.5 770.5 770.5 770.5 770.5 770.5 770.5 770.5 770.5 770.5 770.5
 770.5 770.5 770.  770.  770.  770.  770.  770.  770.  770.  770.  770.
 770.  770.  770.  770.  770.  770.  769.5 769.5 769.5 769.5 769.5 769.5
 769.5 769.5 769.5 769.5 769.5 769.  769.  769.  769.  769.  769.  769.
 769.  769.  769.  769.  769.  769.  768.5 768.  768.  768.  768.  767.5
 767.  767.  767.  767.  766.5 766.5 766.5 766.5 766.5 766.  766.  766.
 766.  766.  766.  766.  766.  766.  766.  766.  766.  766.  766.  766.
 766.  766.  766.  766.  766.  766.  766.  766.  765.5 765.5 765.5 765.5
 765.5 765.5 765.5 765.5 765.5 765.5 765.5 765.5 765.5 765.  765.  765.
 765.  765.  765.  765.  765.  765.  765.  765.  765.  765.  765.  764.5
 764.5 764.5 764.5 764.5 764.5 764.5 764.5 764.5 764.5 764.5 764.5 764.5
 764.  764.  764.  764.  764.  764.  764.  764.  764.  763.5 763.5 763.5
 763.5 763.5 763.5 763.5]
[806.5 806.5 801.  800.5 794.5 794.5 794.5 794.  793.  793.  793.  793.
 793.  793.  793.  793.  793.  793.  793.  788.5 787.  787.  785.  785.
 785.  785.  784.5 783.  783.  783.  783.  782.5 782.  782.  782.  782.
 781.5 781.  780.5 780.5 780.5 780.5 780.  780.  780.  780.  780.  780.
 780.  780.  780.  780.  780.  779.5 779.5 779.5 779.5 779.5 779.5 779.5
 779.5 779.5 779.5 779.  779.  779.  779.  778.5 778.5 778.5 778.5 778.5
 778.5 778.5 778.5 778.5 778.5 778.5 778.5 778.  778.  778.  778.  778.
 778.  778.  778.  778.  778.  778.  778.  778.  778.  777.5 777.5 777.5
 777.  777.  777.  777.  777.  777.  777.  777.  777.  777.  777.  777.
 777.  776.5 776.5 776.5 776.5 776.5 776.5 776.5 776.5 776.5 776.5 776.5
 776.  776.  776.  776.  776.  776.  776.  776.  776.  776.  776.  776.
 776.  776.  776.  776.  776.  776.  776.  776.  776.  776.  776.  776.
 776.  776.  776.  776.  776.  776.  775.5 775.5 775.5 775.  775.  775.
 775.  775.  775.  775.  775.  774.5 774.5 774.5 774.5 774.5 774.5 774.
 773.5 773.5 773.5 773.5 773.  773.  773.  773.  773.  773.  773.  773.
 773.  773.  773.  773.  773.  773.  773.  773.  773.  773.  772.5 772.5
 772.5 772.5 772.5 772.  772.  772.  772.  772.  772.  772.  772.  772.
 771.5 771.5 771.5 771.5 771.5 771.5 771.  771.  771.  771.  771.  771.
 771.  771.  771.  771.  771.  771.  771.  771.  771.  771.  771.  771.
 771.  771.  771.  771.  770.5 770.5 770.5 770.5 770.5 770.5 770.5 770.5
 770.5 770.5 770.5 770.5 770.5 770.5 770.5 770.5 770.5 770.  770.  770.
 770.  770.  770.  770.  770.  770.  770.  770.  770.  770.  770.  770.
 770.  770.  769.5 769.5 769.5 769.5 769.5 769.5 769.5 769.5 769.5 769.5
 769.5 769.  769.  769.  769.  769.  769.  769.  769.  769.  769.  769.
 769.  769.  768.5 768.5 768.  768.  768.  768.  768.  768.  767.5 767.
 767.  767.  767.  767.  766.5 766.5 766.5 766.5 766.5 766.  766.  766.
 766.  766.  766.  766.  766.  766.  766.  766.  766.  766.  766.  766.
 766.  766.  766.  766.  766.  766.  766.  766.  765.5 765.5 765.5 765.5
 765.5 765.5 765.5 765.5]
[806.5 806.5 804.5 801.  801.  800.5 800.5 794.5 794.5 794.5 794.5 794.
 794.  793.  793.  793.  793.  793.  793.  793.  793.  793.  793.  793.
 793.  793.  793.  793.  793.  793.  788.5 787.  787.  785.  785.  785.
 785.  785.  784.5 783.  783.  783.  783.  783.  783.  782.5 782.  782.
 782.  782.  782.  782.  782.  781.5 781.5 781.5 781.  781.  780.5 780.5
 780.5 780.5 780.  780.  780.  780.  780.  780.  780.  780.  780.  780.
 780.  780.  780.  780.  780.  780.  780.  780.  779.5 779.5 779.5 779.5
 779.5 779.5 779.5 779.5 779.5 779.5 779.5 779.  779.  779.  779.  779.
 779.  778.5 778.5 778.5 778.5 778.5 778.5 778.5 778.5 778.5 778.5 778.5
 778.5 778.5 778.5 778.5 778.5 778.5 778.5 778.5 778.  778.  778.  778.
 778.  778.  778.  778.  778.  778.  778.  778.  778.  778.  778.  778.
 777.5 777.5 777.5 777.  777.  777.  777.  777.  777.  777.  777.  777.
 777.  777.  777.  777.  777.  777.  777.  777.  776.5 776.5 776.5 776.5
 776.5 776.5 776.5 776.5 776.5 776.5 776.5 776.5 776.5 776.  776.  776.
 776.  776.  776.  776.  776.  776.  776.  776.  776.  776.  776.  776.
 776.  776.  776.  776.  776.  776.  776.  776.  776.  776.  776.  776.
 776.  776.  776.  776.  776.  776.  775.5 775.5 775.5 775.5 775.5 775.
 775.  775.  775.  775.  775.  775.  775.  775.  774.5 774.5 774.5 774.5
 774.5 774.5 774.5 774.5 774.  774.  774.  773.5 773.5 773.5 773.5 773.5
 773.5 773.  773.  773.  773.  773.  773.  773.  773.  773.  773.  773.
 773.  773.  773.  773.  773.  773.  773.  773.  772.5 772.5 772.5 772.5
 772.5 772.5 772.  772.  772.  772.  772.  772.  772.  772.  772.  771.5
 771.5 771.5 771.5 771.5 771.5 771.5 771.5 771.  771.  771.  771.  771.
 771.  771.  771.  771.  771.  771.  771.  771.  771.  771.  771.  771.
 771.  771.  771.  771.  771.  771.  771.  771.  770.5 770.5 770.5 770.5
 770.5 770.5 770.5 770.5 770.5 770.5 770.5 770.5 770.5 770.5 770.5 770.5
 770.5 770.5 770.  770.  770.  770.  770.  770.  770.  770.  770.  770.
 770.  770.  770.  770.  770.  770.  770.  769.5 769.5 769.5 769.5 769.5
 769.5 769.5 769.5 769.5]
[806.5 806.5 804.5 804.5 804.5 801.  801.  800.5 800.5 794.5 794.5 794.5
 794.5 794.5 794.5 794.  794.  793.  793.  793.  793.  793.  793.  793.
 793.  793.  793.  793.  793.  793.  793.  793.  793.  793.  793.  793.
 793.  788.5 787.  787.  787.  786.  785.  785.  785.  785.  785.  785.
 784.5 784.5 783.  783.  783.  783.  783.  783.  783.  782.5 782.  782.
 782.  782.  782.  782.  782.  782.  782.  782.  782.  781.5 781.5 781.5
 781.  781.  780.5 780.5 780.5 780.5 780.  780.  780.  780.  780.  780.
 780.  780.  780.  780.  780.  780.  780.  780.  780.  780.  780.  780.
 780.  780.  780.  779.5 779.5 779.5 779.5 779.5 779.5 779.5 779.5 779.5
 779.5 779.5 779.5 779.5 779.5 779.5 779.5 779.  779.  779.  779.  779.
 779.  779.  778.5 778.5 778.5 778.5 778.5 778.5 778.5 778.5 778.5 778.5
 778.5 778.5 778.5 778.5 778.5 778.5 778.5 778.5 778.5 778.  778.  778.
 778.  778.  778.  778.  778.  778.  778.  778.  778.  778.  778.  778.
 778.  778.  778.  778.  777.5 777.5 777.5 777.  777.  777.  777.  777.
 777.  777.  777.  777.  777.  777.  777.  777.  777.  777.  777.  777.
 777.  777.  776.5 776.5 776.5 776.5 776.5 776.5 776.5 776.5 776.5 776.5
 776.5 776.5 776.5 776.5 776.  776.  776.  776.  776.  776.  776.  776.
 776.  776.  776.  776.  776.  776.  776.  776.  776.  776.  776.  776.
 776.  776.  776.  776.  776.  776.  776.  776.  776.  776.  776.  776.
 776.  776.  776.  776.  776.  775.5 775.5 775.5 775.5 775.5 775.5 775.
 775.  775.  775.  775.  775.  775.  775.  775.  774.5 774.5 774.5 774.5
 774.5 774.5 774.5 774.5 774.5 774.5 774.  774.  774.  773.5 773.5 773.5
 773.5 773.5 773.5 773.  773.  773.  773.  773.  773.  773.  773.  773.
 773.  773.  773.  773.  773.  773.  773.  773.  773.  773.  773.  773.
 772.5 772.5 772.5 772.5 772.5 772.5 772.5 772.  772.  772.  772.  772.
 772.  772.  772.  772.  772.  772.  771.5 771.5 771.5 771.5 771.5 771.5
 771.5 771.5 771.5 771.  771.  771.  771.  771.  771.  771.  771.  771.
 771.  771.  771.  771.  771.  771.  771.  771.  771.  771.  771.  771.
 771.  771.  771.  771. ]
[807.5 806.5 806.5 806.5 806.5 804.5 804.5 804.5 804.5 801.  801.  800.5
 800.5 800.5 798.5 794.5 794.5 794.5 794.5 794.5 794.5 794.5 794.  794.
 794.  793.5 793.  793.  793.  793.  793.  793.  793.  793.  793.  793.
 793.  793.  793.  793.  793.  793.  793.  793.  793.  793.  793.  793.
 793.  793.  793.  793.  793.  793.  788.5 787.  787.  787.  786.  785.
 785.  785.  785.  785.  785.  785.  785.  784.5 784.5 784.5 783.  783.
 783.  783.  783.  783.  783.  782.5 782.  782.  782.  782.  782.  782.
 782.  782.  782.  782.  782.  782.  781.5 781.5 781.5 781.5 781.  781.
 780.5 780.5 780.5 780.5 780.5 780.5 780.5 780.  780.  780.  780.  780.
 780.  780.  780.  780.  780.  780.  780.  780.  780.  780.  780.  780.
 780.  780.  780.  780.  780.  780.  780.  780.  780.  779.5 779.5 779.5
 779.5 779.5 779.5 779.5 779.5 779.5 779.5 779.5 779.5 779.5 779.5 779.5
 779.5 779.5 779.  779.  779.  779.  779.  779.  779.  779.  778.5 778.5
 778.5 778.5 778.5 778.5 778.5 778.5 778.5 778.5 778.5 778.5 778.5 778.5
 778.5 778.5 778.5 778.5 778.5 778.5 778.  778.  778.  778.  778.  778.
 778.  778.  778.  778.  778.  778.  778.  778.  778.  778.  778.  778.
 778.  778.  778.  777.5 777.5 777.5 777.  777.  777.  777.  777.  777.
 777.  777.  777.  777.  777.  777.  777.  777.  777.  777.  777.  777.
 777.  777.  777.  776.5 776.5 776.5 776.5 776.5 776.5 776.5 776.5 776.5
 776.5 776.5 776.5 776.5 776.5 776.5 776.5 776.  776.  776.  776.  776.
 776.  776.  776.  776.  776.  776.  776.  776.  776.  776.  776.  776.
 776.  776.  776.  776.  776.  776.  776.  776.  776.  776.  776.  776.
 776.  776.  776.  776.  776.  776.  776.  776.  776.  776.  775.5 775.5
 775.5 775.5 775.5 775.5 775.5 775.5 775.  775.  775.  775.  775.  775.
 775.  775.  775.  775.  774.5 774.5 774.5 774.5 774.5 774.5 774.5 774.5
 774.5 774.5 774.  774.  774.  774.  773.5 773.5 773.5 773.5 773.5 773.5
 773.  773.  773.  773.  773.  773.  773.  773.  773.  773.  773.  773.
 773.  773.  773.  773.  773.  773.  773.  773.  773.  772.5 772.5 772.5
 772.5 772.5 772.5 772.5]
[807.5 806.5 806.5 806.5 806.5 806.5 806.5 804.5 804.5 804.5 804.5 804.5
 804.5 801.  801.  801.  800.5 800.5 800.5 798.5 798.5 794.5 794.5 794.5
 794.5 794.5 794.5 794.5 794.  794.  794.  793.5 793.  793.  793.  793.
 793.  793.  793.  793.  793.  793.  793.  793.  793.  793.  793.  793.
 793.  793.  793.  793.  793.  793.  793.  793.  793.  793.  793.  793.
 793.  793.  793.  793.  793.  793.  793.  793.  793.  793.  793.  788.5
 787.  787.  787.  787.  786.5 786.  786.  785.  785.  785.  785.  785.
 785.  785.  785.  785.  785.  785.  785.  784.5 784.5 784.5 783.  783.
 783.  783.  783.  783.  783.  783.  782.5 782.  782.  782.  782.  782.
 782.  782.  782.  782.  782.  782.  782.  782.  782.  781.5 781.5 781.5
 781.5 781.  781.  781.  780.5 780.5 780.5 780.5 780.5 780.5 780.5 780.5
 780.  780.  780.  780.  780.  780.  780.  780.  780.  780.  780.  780.
 780.  780.  780.  780.  780.  780.  780.  780.  780.  780.  780.  780.
 780.  780.  780.  780.  780.  780.  780.  779.5 779.5 779.5 779.5 779.5
 779.5 779.5 779.5 779.5 779.5 779.5 779.5 779.5 779.5 779.5 779.5 779.5
 779.5 779.  779.  779.  779.  779.  779.  779.  779.  778.5 778.5 778.5
 778.5 778.5 778.5 778.5 778.5 778.5 778.5 778.5 778.5 778.5 778.5 778.5
 778.5 778.5 778.5 778.5 778.5 778.5 778.5 778.  778.  778.  778.  778.
 778.  778.  778.  778.  778.  778.  778.  778.  778.  778.  778.  778.
 778.  778.  778.  778.  778.  778.  778.  777.5 777.5 777.5 777.5 777.
 777.  777.  777.  777.  777.  777.  777.  777.  777.  777.  777.  777.
 777.  777.  777.  777.  777.  777.  777.  777.  777.  777.  776.5 776.5
 776.5 776.5 776.5 776.5 776.5 776.5 776.5 776.5 776.5 776.5 776.5 776.5
 776.5 776.5 776.  776.  776.  776.  776.  776.  776.  776.  776.  776.
 776.  776.  776.  776.  776.  776.  776.  776.  776.  776.  776.  776.
 776.  776.  776.  776.  776.  776.  776.  776.  776.  776.  776.  776.
 776.  776.  776.  776.  776.  776.  776.  776.  775.5 775.5 775.5 775.5
 775.5 775.5 775.5 775.5 775.5 775.  775.  775.  775.  775.  775.  775.
 775.  775.  775.  774.5]
[807.5 806.5 806.5 806.5 806.5 806.5 806.5 806.5 806.5 804.5 804.5 804.5
 804.5 804.5 804.5 801.  801.  801.  801.  800.5 800.5 800.5 800.5 800.5
 798.5 798.5 798.5 797.  794.5 794.5 794.5 794.5 794.5 794.5 794.5 794.5
 794.5 794.5 794.5 794.  794.  794.  793.5 793.5 793.  793.  793.  793.
 793.  793.  793.  793.  793.  793.  793.  793.  793.  793.  793.  793.
 793.  793.  793.  793.  793.  793.  793.  793.  793.  793.  793.  793.
 793.  793.  793.  793.  793.  793.  793.  793.  793.  793.  793.  793.
 793.  793.  793.  793.  793.  793.  793.  793.  792.  790.5 788.5 787.
 787.  787.  787.  787.  787.  786.5 786.  786.  785.  785.  785.  785.
 785.  785.  785.  785.  785.  785.  785.  785.  784.5 784.5 784.5 784.5
 784.5 783.  783.  783.  783.  783.  783.  783.  783.  783.  783.  783.
 782.5 782.  782.  782.  782.  782.  782.  782.  782.  782.  782.  782.
 782.  782.  782.  782.  782.  782.  782.  781.5 781.5 781.5 781.5 781.
 781.  781.  781.  781.  780.5 780.5 780.5 780.5 780.5 780.5 780.5 780.5
 780.5 780.5 780.  780.  780.  780.  780.  780.  780.  780.  780.  780.
 780.  780.  780.  780.  780.  780.  780.  780.  780.  780.  780.  780.
 780.  780.  780.  780.  780.  780.  780.  780.  780.  780.  780.  780.
 779.5 779.5 779.5 779.5 779.5 779.5 779.5 779.5 779.5 779.5 779.5 779.5
 779.5 779.5 779.5 779.5 779.5 779.5 779.5 779.5 779.  779.  779.  779.
 779.  779.  779.  779.  778.5 778.5 778.5 778.5 778.5 778.5 778.5 778.5
 778.5 778.5 778.5 778.5 778.5 778.5 778.5 778.5 778.5 778.5 778.5 778.5
 778.5 778.5 778.5 778.5 778.  778.  778.  778.  778.  778.  778.  778.
 778.  778.  778.  778.  778.  778.  778.  778.  778.  778.  778.  778.
 778.  778.  778.  778.  778.  778.  778.  777.5 777.5 777.5 777.5 777.
 777.  777.  777.  777.  777.  777.  777.  777.  777.  777.  777.  777.
 777.  777.  777.  777.  777.  777.  777.  777.  777.  777.  777.  777.
 777.  776.5 776.5 776.5 776.5 776.5 776.5 776.5 776.5 776.5 776.5 776.5
 776.5 776.5 776.5 776.5 776.5 776.  776.  776.  776.  776.  776.  776.
 776.  776.  776.  776. ]
[807.5 806.5 806.5 806.5 806.5 806.5 806.5 806.5 806.5 806.5 806.5 806.5
 804.5 804.5 804.5 804.5 804.5 804.5 804.5 804.5 804.5 801.  801.  801.
 801.  800.5 800.5 800.5 800.5 800.5 800.5 800.5 800.5 798.5 798.5 798.5
 798.5 797.  795.  794.5 794.5 794.5 794.5 794.5 794.5 794.5 794.5 794.5
 794.5 794.5 794.5 794.5 794.5 794.  794.  794.  794.  793.5 793.5 793.
 793.  793.  793.  793.  793.  793.  793.  793.  793.  793.  793.  793.
 793.  793.  793.  793.  793.  793.  793.  793.  793.  793.  793.  793.
 793.  793.  793.  793.  793.  793.  793.  793.  793.  793.  793.  793.
 793.  793.  793.  793.  793.  793.  793.  793.  793.  793.  793.  793.
 793.  793.  793.  793.  793.  793.  793.  793.  793.  793.  793.  793.
 793.  792.  790.5 790.5 790.  788.5 788.5 787.  787.  787.  787.  787.
 787.  787.  786.5 786.  786.  785.  785.  785.  785.  785.  785.  785.
 785.  785.  785.  785.  785.  785.  784.5 784.5 784.5 784.5 784.5 783.
 783.  783.  783.  783.  783.  783.  783.  783.  783.  783.  783.  783.
 782.5 782.  782.  782.  782.  782.  782.  782.  782.  782.  782.  782.
 782.  782.  782.  782.  782.  782.  782.  781.5 781.5 781.5 781.5 781.
 781.  781.  781.  781.  781.  781.  780.5 780.5 780.5 780.5 780.5 780.5
 780.5 780.5 780.5 780.5 780.5 780.  780.  780.  780.  780.  780.  780.
 780.  780.  780.  780.  780.  780.  780.  780.  780.  780.  780.  780.
 780.  780.  780.  780.  780.  780.  780.  780.  780.  780.  780.  780.
 780.  780.  780.  780.  780.  780.  780.  779.5 779.5 779.5 779.5 779.5
 779.5 779.5 779.5 779.5 779.5 779.5 779.5 779.5 779.5 779.5 779.5 779.5
 779.5 779.5 779.5 779.5 779.5 779.  779.  779.  779.  779.  779.  779.
 779.  778.5 778.5 778.5 778.5 778.5 778.5 778.5 778.5 778.5 778.5 778.5
 778.5 778.5 778.5 778.5 778.5 778.5 778.5 778.5 778.5 778.5 778.5 778.5
 778.5 778.5 778.5 778.  778.  778.  778.  778.  778.  778.  778.  778.
 778.  778.  778.  778.  778.  778.  778.  778.  778.  778.  778.  778.
 778.  778.  778.  778.  778.  778.  778.  777.5 777.5 777.5 777.5 777.
 777.  777.  777.  777. ]
[807.5 807.5 806.5 806.5 806.5 806.5 806.5 806.5 806.5 806.5 806.5 806.5
 806.5 806.5 806.5 806.5 806.5 804.5 804.5 804.5 804.5 804.5 804.5 804.5
 804.5 804.5 804.5 804.5 801.  801.  801.  801.  801.  801.  800.5 800.5
 800.5 800.5 800.5 800.5 800.5 800.5 800.5 800.5 798.5 798.5 798.5 798.5
 798.5 798.5 797.  795.  794.5 794.5 794.5 794.5 794.5 794.5 794.5 794.5
 794.5 794.5 794.5 794.5 794.5 794.5 794.5 794.5 794.  794.  794.  794.
 793.5 793.5 793.  793.  793.  793.  793.  793.  793.  793.  793.  793.
 793.  793.  793.  793.  793.  793.  793.  793.  793.  793.  793.  793.
 793.  793.  793.  793.  793.  793.  793.  793.  793.  793.  793.  793.
 793.  793.  793.  793.  793.  793.  793.  793.  793.  793.  793.  793.
 793.  793.  793.  793.  793.  793.  793.  793.  793.  793.  793.  793.
 793.  793.  793.  793.  793.  793.  793.  793.  793.  793.  793.  793.
 793.  793.  793.  793.  793.  793.  793.  792.  790.5 790.5 790.  788.5
 788.5 787.  787.  787.  787.  787.  787.  787.  787.  787.  787.  787.
 786.5 786.  786.  785.  785.  785.  785.  785.  785.  785.  785.  785.
 785.  785.  785.  785.  785.  784.5 784.5 784.5 784.5 784.5 783.5 783.
 783.  783.  783.  783.  783.  783.  783.  783.  783.  783.  783.  783.
 783.  783.  783.  782.5 782.  782.  782.  782.  782.  782.  782.  782.
 782.  782.  782.  782.  782.  782.  782.  782.  782.  782.  782.  781.5
 781.5 781.5 781.5 781.  781.  781.  781.  781.  781.  781.  780.5 780.5
 780.5 780.5 780.5 780.5 780.5 780.5 780.5 780.5 780.5 780.  780.  780.
 780.  780.  780.  780.  780.  780.  780.  780.  780.  780.  780.  780.
 780.  780.  780.  780.  780.  780.  780.  780.  780.  780.  780.  780.
 780.  780.  780.  780.  780.  780.  780.  780.  780.  780.  780.  780.
 780.  780.  780.  780.  779.5 779.5 779.5 779.5 779.5 779.5 779.5 779.5
 779.5 779.5 779.5 779.5 779.5 779.5 779.5 779.5 779.5 779.5 779.5 779.5
 779.5 779.5 779.5 779.5 779.  779.  779.  779.  779.  779.  779.  779.
 778.5 778.5 778.5 778.5 778.5 778.5 778.5 778.5 778.5 778.5 778.5 778.5
 778.5 778.5 778.5 778.5]
[808.  807.5 807.5 806.5 806.5 806.5 806.5 806.5 806.5 806.5 806.5 806.5
 806.5 806.5 806.5 806.5 806.5 806.5 806.5 806.5 806.5 806.5 806.5 806.5
 806.5 806.5 804.5 804.5 804.5 804.5 804.5 804.5 804.5 804.5 804.5 804.5
 804.5 804.5 804.5 804.5 804.5 801.  801.  801.  801.  801.  801.  801.
 801.  800.5 800.5 800.5 800.5 800.5 800.5 800.5 800.5 800.5 800.5 800.5
 800.5 800.5 800.5 800.5 800.5 800.5 798.5 798.5 798.5 798.5 798.5 798.5
 798.5 797.  797.  795.  794.5 794.5 794.5 794.5 794.5 794.5 794.5 794.5
 794.5 794.5 794.5 794.5 794.5 794.5 794.5 794.5 794.5 794.5 794.5 794.5
 794.5 794.  794.  794.  794.  794.  793.5 793.5 793.  793.  793.  793.
 793.  793.  793.  793.  793.  793.  793.  793.  793.  793.  793.  793.
 793.  793.  793.  793.  793.  793.  793.  793.  793.  793.  793.  793.
 793.  793.  793.  793.  793.  793.  793.  793.  793.  793.  793.  793.
 793.  793.  793.  793.  793.  793.  793.  793.  793.  793.  793.  793.
 793.  793.  793.  793.  793.  793.  793.  793.  793.  793.  793.  793.
 793.  793.  793.  793.  793.  793.  793.  793.  793.  793.  793.  793.
 793.  793.  793.  793.  793.  793.  793.  793.  793.  793.  793.  793.
 793.  793.  793.  792.  790.5 790.5 790.  790.  788.5 788.5 787.  787.
 787.  787.  787.  787.  787.  787.  787.  787.  787.  787.  786.5 786.
 786.  786.  785.  785.  785.  785.  785.  785.  785.  785.  785.  785.
 785.  785.  785.  785.  785.  784.5 784.5 784.5 784.5 784.5 783.5 783.
 783.  783.  783.  783.  783.  783.  783.  783.  783.  783.  783.  783.
 783.  783.  783.  783.  783.  782.5 782.  782.  782.  782.  782.  782.
 782.  782.  782.  782.  782.  782.  782.  782.  782.  782.  782.  782.
 782.  782.  782.  781.5 781.5 781.5 781.5 781.  781.  781.  781.  781.
 781.  781.  781.  780.5 780.5 780.5 780.5 780.5 780.5 780.5 780.5 780.5
 780.5 780.5 780.  780.  780.  780.  780.  780.  780.  780.  780.  780.
 780.  780.  780.  780.  780.  780.  780.  780.  780.  780.  780.  780.
 780.  780.  780.  780.  780.  780.  780.  780.  780.  780.  780.  780.
 780.  780.  780.  780. ]
[808.  808.  807.5 807.5 807.5 807.5 806.5 806.5 806.5 806.5 806.5 806.5
 806.5 806.5 806.5 806.5 806.5 806.5 806.5 806.5 806.5 806.5 806.5 806.5
 806.5 806.5 806.5 806.5 806.5 806.5 806.5 806.5 806.5 806.5 806.5 806.5
 806.5 804.5 804.5 804.5 804.5 804.5 804.5 804.5 804.5 804.5 804.5 804.5
 804.5 804.5 804.5 804.5 804.5 804.5 804.5 801.  801.  801.  801.  801.
 801.  801.  801.  801.  801.  801.  800.5 800.5 800.5 800.5 800.5 800.5
 800.5 800.5 800.5 800.5 800.5 800.5 800.5 800.5 800.5 800.5 800.5 800.5
 800.5 798.5 798.5 798.5 798.5 798.5 798.5 798.5 798.5 797.  797.  795.
 794.5 794.5 794.5 794.5 794.5 794.5 794.5 794.5 794.5 794.5 794.5 794.5
 794.5 794.5 794.5 794.5 794.5 794.5 794.5 794.5 794.5 794.5 794.5 794.5
 794.5 794.  794.  794.  794.  794.  794.  793.5 793.5 793.  793.  793.
 793.  793.  793.  793.  793.  793.  793.  793.  793.  793.  793.  793.
 793.  793.  793.  793.  793.  793.  793.  793.  793.  793.  793.  793.
 793.  793.  793.  793.  793.  793.  793.  793.  793.  793.  793.  793.
 793.  793.  793.  793.  793.  793.  793.  793.  793.  793.  793.  793.
 793.  793.  793.  793.  793.  793.  793.  793.  793.  793.  793.  793.
 793.  793.  793.  793.  793.  793.  793.  793.  793.  793.  793.  793.
 793.  793.  793.  793.  793.  793.  793.  793.  793.  793.  793.  793.
 793.  793.  793.  793.  793.  793.  793.  793.  793.  793.  793.  793.
 793.  793.  793.  793.  792.  790.5 790.5 790.  790.  790.  790.  788.5
 788.5 788.5 787.  787.  787.  787.  787.  787.  787.  787.  787.  787.
 787.  787.  787.  787.  787.  786.5 786.  786.  786.  785.  785.  785.
 785.  785.  785.  785.  785.  785.  785.  785.  785.  785.  785.  785.
 784.5 784.5 784.5 784.5 784.5 783.5 783.  783.  783.  783.  783.  783.
 783.  783.  783.  783.  783.  783.  783.  783.  783.  783.  783.  783.
 782.5 782.  782.  782.  782.  782.  782.  782.  782.  782.  782.  782.
 782.  782.  782.  782.  782.  782.  782.  782.  782.  782.  781.5 781.5
 781.5 781.5 781.  781.  781.  781.  781.  781.  781.  781.  780.5 780.5
 780.5 780.5 780.5 780.5]
[808.  808.  807.5 807.5 807.5 807.5 807.5 807.5 807.5 806.5 806.5 806.5
 806.5 806.5 806.5 806.5 806.5 806.5 806.5 806.5 806.5 806.5 806.5 806.5
 806.5 806.5 806.5 806.5 806.5 806.5 806.5 806.5 806.5 806.5 806.5 806.5
 806.5 806.5 806.5 806.5 806.5 806.5 806.5 806.5 806.5 806.5 806.5 806.5
 806.5 806.5 804.5 804.5 804.5 804.5 804.5 804.5 804.5 804.5 804.5 804.5
 804.5 804.5 804.5 804.5 804.5 804.5 804.5 804.5 804.5 804.5 804.5 803.5
 801.  801.  801.  801.  801.  801.  801.  801.  801.  801.  801.  801.
 801.  800.5 800.5 800.5 800.5 800.5 800.5 800.5 800.5 800.5 800.5 800.5
 800.5 800.5 800.5 800.5 800.5 800.5 800.5 800.5 800.5 800.5 800.  798.5
 798.5 798.5 798.5 798.5 798.5 798.5 798.5 798.5 798.5 797.  797.  795.
 794.5 794.5 794.5 794.5 794.5 794.5 794.5 794.5 794.5 794.5 794.5 794.5
 794.5 794.5 794.5 794.5 794.5 794.5 794.5 794.5 794.5 794.5 794.5 794.5
 794.5 794.5 794.5 794.5 794.5 794.5 794.  794.  794.  794.  794.  794.
 794.  794.  794.  793.5 793.5 793.  793.  793.  793.  793.  793.  793.
 793.  793.  793.  793.  793.  793.  793.  793.  793.  793.  793.  793.
 793.  793.  793.  793.  793.  793.  793.  793.  793.  793.  793.  793.
 793.  793.  793.  793.  793.  793.  793.  793.  793.  793.  793.  793.
 793.  793.  793.  793.  793.  793.  793.  793.  793.  793.  793.  793.
 793.  793.  793.  793.  793.  793.  793.  793.  793.  793.  793.  793.
 793.  793.  793.  793.  793.  793.  793.  793.  793.  793.  793.  793.
 793.  793.  793.  793.  793.  793.  793.  793.  793.  793.  793.  793.
 793.  793.  793.  793.  793.  793.  793.  793.  793.  793.  793.  793.
 793.  793.  793.  793.  793.  793.  793.  793.  793.  793.  793.  793.
 792.5 792.  790.5 790.5 790.  790.  790.  790.  788.5 788.5 788.5 787.
 787.  787.  787.  787.  787.  787.  787.  787.  787.  787.  787.  787.
 787.  787.  786.5 786.5 786.  786.  786.  785.  785.  785.  785.  785.
 785.  785.  785.  785.  785.  785.  785.  785.  785.  785.  784.5 784.5
 784.5 784.5 784.5 784.5 783.5 783.  783.  783.  783.  783.  783.  783.
 783.  783.  783.  783. ]
[808.  808.  808.  807.5 807.5 807.5 807.5 807.5 807.5 807.5 807.5 807.5
 807.5 806.5 806.5 806.5 806.5 806.5 806.5 806.5 806.5 806.5 806.5 806.5
 806.5 806.5 806.5 806.5 806.5 806.5 806.5 806.5 806.5 806.5 806.5 806.5
 806.5 806.5 806.5 806.5 806.5 806.5 806.5 806.5 806.5 806.5 806.5 806.5
 806.5 806.5 806.5 806.5 806.5 806.5 806.5 806.5 806.5 806.5 806.5 806.5
 806.5 806.5 806.5 806.5 806.5 806.5 806.5 806.5 806.5 806.5 804.5 804.5
 804.5 804.5 804.5 804.5 804.5 804.5 804.5 804.5 804.5 804.5 804.5 804.5
 804.5 804.5 804.5 804.5 804.5 804.5 804.5 804.5 804.5 804.5 803.5 801.
 801.  801.  801.  801.  801.  801.  801.  801.  801.  801.  801.  801.
 801.  801.  801.  800.5 800.5 800.5 800.5 800.5 800.5 800.5 800.5 800.5
 800.5 800.5 800.5 800.5 800.5 800.5 800.5 800.5 800.5 800.5 800.5 800.5
 800.5 800.5 800.5 800.5 800.  798.5 798.5 798.5 798.5 798.5 798.5 798.5
 798.5 798.5 798.5 797.  797.  795.  794.5 794.5 794.5 794.5 794.5 794.5
 794.5 794.5 794.5 794.5 794.5 794.5 794.5 794.5 794.5 794.5 794.5 794.5
 794.5 794.5 794.5 794.5 794.5 794.5 794.5 794.5 794.5 794.5 794.5 794.5
 794.5 794.  794.  794.  794.  794.  794.  794.  794.  794.  794.  794.
 793.5 793.5 793.5 793.  793.  793.  793.  793.  793.  793.  793.  793.
 793.  793.  793.  793.  793.  793.  793.  793.  793.  793.  793.  793.
 793.  793.  793.  793.  793.  793.  793.  793.  793.  793.  793.  793.
 793.  793.  793.  793.  793.  793.  793.  793.  793.  793.  793.  793.
 793.  793.  793.  793.  793.  793.  793.  793.  793.  793.  793.  793.
 793.  793.  793.  793.  793.  793.  793.  793.  793.  793.  793.  793.
 793.  793.  793.  793.  793.  793.  793.  793.  793.  793.  793.  793.
 793.  793.  793.  793.  793.  793.  793.  793.  793.  793.  793.  793.
 793.  793.  793.  793.  793.  793.  793.  793.  793.  793.  793.  793.
 793.  793.  793.  793.  793.  793.  793.  793.  793.  793.  793.  793.
 793.  793.  793.  793.  793.  793.  793.  793.  792.5 792.  790.5 790.5
 790.  790.  790.  790.  789.5 788.5 788.5 788.5 787.  787.  787.  787.
 787.  787.  787.  787. ]
[808.  808.  808.  807.5 807.5 807.5 807.5 807.5 807.5 807.5 807.5 807.5
 807.5 807.5 807.5 807.5 807.5 807.5 806.5 806.5 806.5 806.5 806.5 806.5
 806.5 806.5 806.5 806.5 806.5 806.5 806.5 806.5 806.5 806.5 806.5 806.5
 806.5 806.5 806.5 806.5 806.5 806.5 806.5 806.5 806.5 806.5 806.5 806.5
 806.5 806.5 806.5 806.5 806.5 806.5 806.5 806.5 806.5 806.5 806.5 806.5
 806.5 806.5 806.5 806.5 806.5 806.5 806.5 806.5 806.5 806.5 806.5 806.5
 806.5 806.5 806.5 806.5 806.5 806.5 806.5 806.5 806.5 806.5 806.5 806.5
 806.5 806.5 806.5 806.5 806.5 806.5 806.5 806.5 806.5 804.5 804.5 804.5
 804.5 804.5 804.5 804.5 804.5 804.5 804.5 804.5 804.5 804.5 804.5 804.5
 804.5 804.5 804.5 804.5 804.5 804.5 804.5 804.5 804.5 804.5 804.5 804.5
 803.5 801.  801.  801.  801.  801.  801.  801.  801.  801.  801.  801.
 801.  801.  801.  801.  801.  801.  800.5 800.5 800.5 800.5 800.5 800.5
 800.5 800.5 800.5 800.5 800.5 800.5 800.5 800.5 800.5 800.5 800.5 800.5
 800.5 800.5 800.5 800.5 800.5 800.5 800.5 800.5 800.5 800.  798.5 798.5
 798.5 798.5 798.5 798.5 798.5 798.5 798.5 798.5 798.5 798.5 797.  797.
 795.  795.  795.  794.5 794.5 794.5 794.5 794.5 794.5 794.5 794.5 794.5
 794.5 794.5 794.5 794.5 794.5 794.5 794.5 794.5 794.5 794.5 794.5 794.5
 794.5 794.5 794.5 794.5 794.5 794.5 794.5 794.5 794.5 794.5 794.5 794.5
 794.  794.  794.  794.  794.  794.  794.  794.  794.  794.  794.  794.
 793.5 793.5 793.5 793.  793.  793.  793.  793.  793.  793.  793.  793.
 793.  793.  793.  793.  793.  793.  793.  793.  793.  793.  793.  793.
 793.  793.  793.  793.  793.  793.  793.  793.  793.  793.  793.  793.
 793.  793.  793.  793.  793.  793.  793.  793.  793.  793.  793.  793.
 793.  793.  793.  793.  793.  793.  793.  793.  793.  793.  793.  793.
 793.  793.  793.  793.  793.  793.  793.  793.  793.  793.  793.  793.
 793.  793.  793.  793.  793.  793.  793.  793.  793.  793.  793.  793.
 793.  793.  793.  793.  793.  793.  793.  793.  793.  793.  793.  793.
 793.  793.  793.  793.  793.  793.  793.  793.  793.  793.  793.  793.
 793.  793.  793.  793. ]
[808.  808.  808.  808.  807.5 807.5 807.5 807.5 807.5 807.5 807.5 807.5
 807.5 807.5 807.5 807.5 807.5 807.5 807.5 807.5 807.5 807.5 807.5 807.5
 807.5 807.5 807.5 807.5 807.5 807.5 807.5 806.5 806.5 806.5 806.5 806.5
 806.5 806.5 806.5 806.5 806.5 806.5 806.5 806.5 806.5 806.5 806.5 806.5
 806.5 806.5 806.5 806.5 806.5 806.5 806.5 806.5 806.5 806.5 806.5 806.5
 806.5 806.5 806.5 806.5 806.5 806.5 806.5 806.5 806.5 806.5 806.5 806.5
 806.5 806.5 806.5 806.5 806.5 806.5 806.5 806.5 806.5 806.5 806.5 806.5
 806.5 806.5 806.5 806.5 806.5 806.5 806.5 806.5 806.5 806.5 806.5 806.5
 806.5 806.5 806.5 806.5 806.5 806.5 806.5 806.5 806.5 806.5 806.5 806.5
 806.5 806.5 806.5 806.5 806.5 806.5 806.5 806.5 806.5 806.5 806.5 806.5
 806.5 806.5 806.5 806.5 806.5 806.5 806.5 806.5 806.5 806.5 804.5 804.5
 804.5 804.5 804.5 804.5 804.5 804.5 804.5 804.5 804.5 804.5 804.5 804.5
 804.5 804.5 804.5 804.5 804.5 804.5 804.5 804.5 804.5 804.5 804.5 804.5
 804.5 804.5 804.5 804.  803.5 801.  801.  801.  801.  801.  801.  801.
 801.  801.  801.  801.  801.  801.  801.  801.  801.  801.  801.  801.
 801.  801.  800.5 800.5 800.5 800.5 800.5 800.5 800.5 800.5 800.5 800.5
 800.5 800.5 800.5 800.5 800.5 800.5 800.5 800.5 800.5 800.5 800.5 800.5
 800.5 800.5 800.5 800.5 800.5 800.5 800.5 800.5 800.  798.5 798.5 798.5
 798.5 798.5 798.5 798.5 798.5 798.5 798.5 798.5 798.5 798.5 798.5 798.5
 798.5 797.  797.  795.  795.  795.  795.  794.5 794.5 794.5 794.5 794.5
 794.5 794.5 794.5 794.5 794.5 794.5 794.5 794.5 794.5 794.5 794.5 794.5
 794.5 794.5 794.5 794.5 794.5 794.5 794.5 794.5 794.5 794.5 794.5 794.5
 794.5 794.5 794.5 794.5 794.5 794.  794.  794.  794.  794.  794.  794.
 794.  794.  794.  794.  794.  793.5 793.5 793.5 793.  793.  793.  793.
 793.  793.  793.  793.  793.  793.  793.  793.  793.  793.  793.  793.
 793.  793.  793.  793.  793.  793.  793.  793.  793.  793.  793.  793.
 793.  793.  793.  793.  793.  793.  793.  793.  793.  793.  793.  793.
 793.  793.  793.  793.  793.  793.  793.  793.  793.  793.  793.  793.
 793.  793.  793.  793. ]
[808.  808.  808.  808.  808.  808.  808.  808.  808.  807.5 807.5 807.5
 807.5 807.5 807.5 807.5 807.5 807.5 807.5 807.5 807.5 807.5 807.5 807.5
 807.5 807.5 807.5 807.5 807.5 807.5 807.5 807.5 807.5 807.5 807.5 807.5
 807.5 807.5 807.5 807.5 807.5 807.5 807.5 807.5 807.5 807.5 807.5 807.5
 806.5 806.5 806.5 806.5 806.5 806.5 806.5 806.5 806.5 806.5 806.5 806.5
 806.5 806.5 806.5 806.5 806.5 806.5 806.5 806.5 806.5 806.5 806.5 806.5
 806.5 806.5 806.5 806.5 806.5 806.5 806.5 806.5 806.5 806.5 806.5 806.5
 806.5 806.5 806.5 806.5 806.5 806.5 806.5 806.5 806.5 806.5 806.5 806.5
 806.5 806.5 806.5 806.5 806.5 806.5 806.5 806.5 806.5 806.5 806.5 806.5
 806.5 806.5 806.5 806.5 806.5 806.5 806.5 806.5 806.5 806.5 806.5 806.5
 806.5 806.5 806.5 806.5 806.5 806.5 806.5 806.5 806.5 806.5 806.5 806.5
 806.5 806.5 806.5 806.5 806.5 806.5 806.5 806.5 806.5 806.5 806.5 806.5
 806.5 806.5 806.5 806.5 806.5 806.5 806.5 806.5 806.5 806.5 806.5 806.5
 806.5 806.5 806.5 806.5 806.5 806.5 804.5 804.5 804.5 804.5 804.5 804.5
 804.5 804.5 804.5 804.5 804.5 804.5 804.5 804.5 804.5 804.5 804.5 804.5
 804.5 804.5 804.5 804.5 804.5 804.5 804.5 804.5 804.5 804.5 804.5 804.5
 804.5 804.  803.5 802.  801.  801.  801.  801.  801.  801.  801.  801.
 801.  801.  801.  801.  801.  801.  801.  801.  801.  801.  801.  801.
 801.  801.  801.  801.  800.5 800.5 800.5 800.5 800.5 800.5 800.5 800.5
 800.5 800.5 800.5 800.5 800.5 800.5 800.5 800.5 800.5 800.5 800.5 800.5
 800.5 800.5 800.5 800.5 800.5 800.5 800.5 800.5 800.5 800.5 800.5 800.
 798.5 798.5 798.5 798.5 798.5 798.5 798.5 798.5 798.5 798.5 798.5 798.5
 798.5 798.5 798.5 798.5 797.5 797.  797.  795.  795.  795.  795.  794.5
 794.5 794.5 794.5 794.5 794.5 794.5 794.5 794.5 794.5 794.5 794.5 794.5
 794.5 794.5 794.5 794.5 794.5 794.5 794.5 794.5 794.5 794.5 794.5 794.5
 794.5 794.5 794.5 794.5 794.5 794.5 794.5 794.5 794.5 794.5 794.5 794.
 794.  794.  794.  794.  794.  794.  794.  794.  794.  794.  794.  793.5
 793.5 793.5 793.  793.  793.  793.  793.  793.  793.  793.  793.  793.
 793.  793.  793.  793. ]
