[751.  754.  533.  659.  742.5 719.  716.  632.  530.5 521.  668.  662.5
 295.  632.  672.5 421.  544.  597.  627.5 707.5 613.  692.  650.  513.5
 668.5 650.5 288.5 198.5 661.  683.5 740.  705.  396.  252.  397.5 680.
 734.  656.5 546.5 694.5 726.5 429.  723.  573.  533.5 661.  738.  700.5
 489.5 399.5 408.  732.  588.5 620.  689.5 496.5 379.  501.  642.  357.
 240.  484.5 740.5 704.5 497.5 510.5 370.  745.5 706.5 279.  734.  704.5
 756.  709.5 768.5 673.5 688.5 652.  537.5 512.  538.  590.  668.5 706.5
 503.  678.5 454.  714.  384.5 323.  582.5 454.5 752.  326.  748.5 700.5
 725.5 763.  759.5 630.5 487.5 621.  625.  623.5 640.  728.5 680.  748.5
 479.  542.5 673.  665.5 441.5 561.  458.5 592.  688.5 740.5 544.5 464.5
 358.  468.  484.5 700.  594.  732.  361.5 718.5 699.5 259.5 620.  439.
 699.  475.  534.5 669.  532.  657.5 720.5 759.  662.5 449.  701.  397.
 731.5 683.  532.  662.5 701.5 442.5 588.5 638.  534.  741.  703.5 593.5
 645.5 281.  696.  500.  737.  593.5 775.  297.5 398.  525.5 628.  436.
 726.5 419.  390.5 499.5 427.5 695.  714.5 444.  441.5 525.5 734.  471.
 673.  162.  737.5 606.  673.  592.5 659.5 655.  536.5 641.  598.5 625.
 648.5 529.  504.  436.5 513.  662.  631.  371.5 668.5 428.5 721.  562.5
 441.5 754.  467.5 577.  294.  171.5 566.  303.  724.  247.5 444.5 671.
 598.  603.5 482.  645.  656.  336.  338.5 680.5 658.5 595.5 565.  658.
 693.  571.5 183.  662.  662.  530.  580.5 619.  734.5 488.  413.5 282.
 692.5 556.  381.  626.5 734.  434.  426.5 294.  413.  569.  491.  764.5
 450.5 715.5 493.  660.5 712.5 687.  328.5 614.5 191.5 464.5 447.5 578.
 716.5 724.5 547.  183.  720.5 699.  719.5 590.  602.  366.5 739.  496.
 485.5 743.5 707.5 539.5 733.  488.5 518.  195.5 673.  712.  625.5 502.5
 652.  715.5 568.5 499.5 631.5 600.5 436.5 458.  419.  442.5 490.5 701.5
 451.5 464.5 373.  249.  711.5 675.  659.5 683.  477.  244.5 754.5 596.
 697.  751.  450.5 469.5 296.5 748.5 279.5 364.5 686.5 677.  640.5 672.
 361.5 557.5 752.5 725.  699.5 630.  748.  590.  486.5 701.5 668.5 706.
 559.5 443.5 707.  674.  701.5 487.  654.5 272.  703.  589.  751.5 261.5
 241.5 694.5 485.  711.5 259.  687.  620.  648.5 732.5 495.5 537.  753.5
 201.  248.5 731.5 711.  268.5 721.5 569.5 608.  510.5 664.  418.5 712.
 674.5 643.5 729.5 420.  456.5 249.5 538.5 490.5 194.  690.  188.5 589.
 669.5 674.5 149.5 502.5 640.5 351.  704.  636.  491.5 753.  697.5 765.5
 785.  510.5 586.5 427.5 725.5 705.  244.5 433.5 701.  243.  725.  601.
 397.  703.5 641.5 644.5 560.  597.5 558.  626.  612.5 340.5 372.5 549.5
 710.5 744.  622.5 432.5 581.5 634.5 193.  268.5 691.  232.  350.  764.5
 754.5 721.5 665.  247.  475.  736.  699.5 511.5 709.5 516.5 661.  582.5
 630.  521.5 498.  755.5 722.5 397.  647.  580.5 445.  722.5 322.5 694.
 583.  693.  489.  436.  693.5 671.  701.  701.5 216.  177.  564.  688.5
 714.5 321.5 635.5 343.5 667.5 684.  462.  735.5 674.5 615.  666.  736.
 552.  349.5 430.5 599.  681.5 447.5 732.  695.5 564.5 374.  687.  637.
 610.  727.5 429.  717.5 766.  493.5 712.5 524.5 732.5 550.5 247.5 417.5
 477.  450.5 740.  753.  717.5 718.  512.5 680.5 681.  616.  406.  680.
 738.5 470.  754.5 215.  474.  663.  408.  730.  301.  533.  452.5 758.5
 590.5 731.  521.5 616.5 711.  752.5 581.  639.  640.5 700.5 573.5 492.5
 593.5 492.5 526.  689.  729.  723.  423.  702.5 381.5 276.  626.  453.
 701.5 681.5 652.5 734.5 510.5 504.  269.5 704.5 393.5 674.  742.5 635.
 705.  579.  382.  319.  344.5 736.  389.5 570.5 266.  405.5 666.  363.
 286.  387.  592.5 634.5 710.  649.  655.  708.5 657.5 664.5 318.5 267.5
 623.  642.5 474.5 651.  289.  584.5 671.  746.  610.5 622.  474.  630.
 673.5 495.5 304.  580.  297.5 611.  590.5 717.5 423.5 633.  568.5 236.
 505.5 768.  678.  383.5 509.  685.5 703.5 559.5 389.5 466.  655.  661.5
 751.5 733.5 723.5 485.5 393.5 432.5 580.5 617.  601.5 404.5 424.5 625.
 733.5 541.  456.  478.  450.5 519.  651.5 543.  697.5 669.  414.5 596.
 727.5 673.  585.5 142.5 204.  464.5 669.5 418.  734.5 495.  282.  384.
 640.  715.5 591.5 470.  459.5 627.  549.5 659.5 526.  496.  659.5 414.5
 361.5 196.  377.5 318.  187.5 398.  613.5 210.5 676.5 591.  695.  584.
 701.  412.  695.5  99.5 339.  670.5 220.  707.5 611.5 550.5 646.5 619.5
 731.  692.5 615.5 577.5 626.  665.  277.5 664.5 754.  357.5 521.5 390.
 527.5 234.5 693.  506.  635.5 662.  487.  435.  666.5 649.5 407.5 396.
 626.  620.5 659.  679.5 342.5 539.  677.  621.  718.5 521.  347.  669.
 148.  603.  695.5 540.5 522.  764.5 675.  294.5 725.  531.  340.5 683.
 586.  602.  291.  486.  675.5 659.5 716.  305.  707.5 710.  696.  498.
 514.  702.5 727.5 546.  490.  395.  250.5 315.5 730.5 623.  608.5 669.
 578.  577.5 549.  652.5 590.5 216.5 626.  297.5 613.5 705.5 546.5 588.5
 623.  678.  671.5 709.  537.5 615.  745.5 493.5 172.  644.  264.  552.
 718.5 415.5 652.5 733.  499.  631.  623.  753.  712.5 718.  654.  578.5
 569.5 657.5 701.5 466.  700.5 754.5 713.5 330.  511.5 656.5 679.  578.5
 566.  686.  637.  637.5 526.  470.5 373.5 762.5 487.  317.  692.5 441.5
 139.5 670.  232.5 635.5 623.  691.  552.  292.5 735.5 243.5 686.  648.5
 524.5 514.  745.5 533.  702.5 649.  717.5 632.5 390.  561.  596.  614.
 656.  685.  628.  236.  732.5 418.  735.  659.5 574.5 524.  689.5 721.5
 338.5 600.5 720.  567.  459.  768.5 705.  452.  735.5 471.  533.  494.5
 425.5 473.5 547.  479.  643.  205.  395.  394.  721.  687.  455.5 576.
 218.5 508.  694.  595.5 513.5 425.5 454.  655.  391.5 165.5 668.5 540.
 251.  667.  507.  665.  334.  679.  398.5 654.5 595.5 492.  549.5 210.
 329.  523.5 557.5 608.5 353.  611.  677.5 675.5 541.5 497.5 522.  430.5
 287.  729.5 531.5 251.5 468.5 606.5 568.5 318.5 549.5 442.  679.  641.5
 651.  385.  521.5 751.  522.  716.  694.5 351.  695.  748.  531.5 372.5
 715.  553.  715.5 476.  599.5 713.5 398.  496.5 270.  679.5 676.5 571.5
 605.  548.5 353.5 721.5 330.  345.  547.  690.  607.5 261.5 698.  502.
 716.  440.  519.  666.5 267.  661.5 748.  723.  684.5 706.5 544.  742.
 473.  333.5 516.5 622.  716.  756.5 723.  692.  237.5 625.  376.5 670.
 669.5 656.5 590.  273.5]
