[687.  715.5 663.  739.  748.  296.  656.5 718.5 332.5 663.5 671.  617.5
 626.  663.5 724.5 664.  658.5 398.5 735.5 403.  679.  706.5 750.  728.
 691.5 249.5 762.5 725.5 728.  654.5 770.  700.  750.  687.5 501.5 649.
 758.5 715.  597.  738.  725.  698.5 496.  657.5 217.5 438.  678.  257.5
 623.5 448.5 717.  455.5 502.  706.5 731.  745.  743.  743.  683.5 585.5
 246.  706.  738.5 624.  708.5 742.  589.5 738.5 603.  767.  738.5 732.
 317.5 709.  689.  735.5 714.5 583.  500.  523.5 738.  349.  736.  737.
 616.  566.5 742.  707.5 670.  661.5 561.5 732.  705.5 735.5 692.5 706.5
 440.  666.5 562.5 752.  698.  731.  731.  754.  746.  757.  743.  738.
 552.  767.  733.5 712.  485.  607.  596.  760.  746.5 776.5 359.5 610.
 652.5 280.  313.5 749.5 761.  169.  180.  736.5 749.5 753.5 421.  683.
 186.5 732.5 463.  731.5 368.5 513.5 716.  626.5 720.  730.  726.  389.5
 399.  451.  626.  713.  506.5 702.5 337.  319.  568.5 309.  729.5 723.
 191.5 655.5 426.5 341.  729.5 729.5 747.5 613.5 386.5 519.  352.5 756.5
 729.5 712.5 723.5 727.  738.5 728.  732.  699.  710.5 711.5 720.  617.5
 703.5 493.  525.  604.  704.  513.5 724.5 677.5 677.  728.  424.5 731.5
 436.  726.  319.5 460.  538.  726.  740.  704.  713.  553.5 689.  620.
 513.  735.5 739.  427.5 582.5 347.5 712.5 642.5 617.5 720.5 696.  731.
 475.  478.  354.  562.5 715.5 706.  619.  614.  418.5 594.5 547.5 243.5
 363.  682.  637.5 577.  652.5 719.5 673.5 724.5 653.  483.  264.5 725.
 468.  697.  700.  712.5 525.5 617.5 723.  734.5 502.5 742.5 510.5 731.
 367.  651.5 747.  598.5 605.  704.5 542.  613.  691.  767.  443.5 583.5
 115.  620.5 259.5 309.5 740.  587.5 737.  408.5 693.5 706.5 726.5 200.5
 445.  539.  645.5 713.5 728.5 709.5 378.5 716.5 664.  713.  695.5 650.5
 293.5 724.5 697.5 432.5 720.5 618.5 735.5 727.5 418.5 477.  327.5 708.
 730.5 650.  698.5 467.  397.5 698.  564.  614.  562.5 733.5 698.  311.
 349.5 622.  610.5 687.5 637.  336.5 731.  726.  503.  599.5 697.5 735.
 758.  359.  767.  699.5 708.  630.  681.  615.5 636.5 658.  727.5 703.
 733.5 392.  719.5 720.5 672.  737.5 539.  317.  742.  457.  626.5 734.5
 567.5 713.  366.  702.5 198.5 309.  404.5 735.5 381.  602.  751.  720.
 559.5 729.  652.  626.5 738.5 742.5 618.  746.  712.  736.5 722.5 747.5
 741.  696.  692.5 770.5 775.  672.  671.5 748.5]
[776.5 775.  772.5 770.5 770.  767.5 767.  767.  767.  767.  767.  762.5
 761.  760.  760.  760.  758.5 758.  758.  757.  756.5 756.5 756.5 756.5
 755.5 755.5 754.5 754.  753.5 753.5 752.5 752.5 752.  752.  751.5 751.
 750.5 750.  750.  749.5 749.5 749.  748.5 748.5 748.5 748.  748.  748.
 748.  748.  747.5 747.5 747.5 747.5 747.5 747.  746.5 746.5 746.  746.
 746.  746.  746.  746.  745.  745.  745.  744.5 744.  743.  743.  743.
 742.5 742.5 742.5 742.  742.  742.  742.  742.  741.5 741.  741.  740.
 740.  739.  739.  739.  738.5 738.5 738.5 738.5 738.5 738.5 738.5 738.5
 738.5 738.5 738.  738.  738.  738.  738.  738.  738.  737.5 737.5 737.
 737.  736.5 736.5 736.5 736.  736.  735.5 735.5 735.5 735.5 735.5 735.5
 735.5 735.5 735.5 735.  734.5 734.5 734.5 734.  734.  734.  733.5 733.5
 733.5 733.5 733.5 733.  733.  732.5 732.5 732.5 732.5 732.  732.  732.
 732.  732.  732.  731.5 731.5 731.5 731.  731.  731.  731.  731.  731.
 731.  731.  730.5 730.5 730.5 730.  729.5 729.5 729.5 729.5 729.5 729.
 729.  728.5 728.5 728.  728.  728.  728.  728.  728.  727.5 727.5 727.
 727.  727.  726.5 726.5 726.  726.  726.  726.  726.  726.  725.5 725.
 725.  725.  725.  725.  724.5 724.5 724.5 724.5 724.5 724.5 724.  724.
 723.5 723.  723.  722.5 722.5 722.5 722.  722.  721.  720.5 720.5 720.5
 720.5 720.  720.  720.  720.  720.  719.5 719.5 719.  719.  718.5 718.5
 718.5 717.  717.  717.  716.5 716.  716.  715.5 715.5 715.  715.  715.
 714.5 713.5 713.5 713.  713.  713.  713.  713.  712.5 712.5 712.5 712.5
 712.  712.  712.  712.  711.5 711.  710.5 710.5 710.5 710.  710.  710.
 709.5 709.5 709.  709.  708.5 708.  708.  708.  708.  707.5 706.5 706.5
 706.5 706.5 706.5 706.5 706.  706.  705.5 705.  705.  704.5 704.  704.
 703.5 703.  703.  702.5 702.5 701.5 701.  700.  700.  700.  700.  699.5
 699.  698.5 698.5 698.  698.  698.  698.  697.5 697.5 697.5 697.  696.
 696.  696.  695.5 693.5 693.5 692.5 692.5 692.5 691.5 691.  690.  689.
 689.  689.  687.5 687.5 687.  687.  687.  686.  685.  683.5 683.  683.
 682.  681.  681.  680.5 679.  679.  678.  678.  677.5 677.  676.5 673.5
 672.  672.  672.  671.5 671.  671.  670.5 670.  666.5 666.5 664.  664.
 663.5 663.5 663.  661.5 658.5 658.  657.5 657.5 656.5 655.5 654.5 653.
 652.5 652.5 652.  651.5 651.5 650.5 650.  649.5]
[791.  776.5 776.5 776.5 775.  775.  775.  775.  774.  772.5 772.5 770.5
 770.5 770.  770.  770.  768.  767.5 767.  767.  767.  767.  767.  766.
 763.5 763.  762.5 762.5 762.5 762.  761.5 761.  760.5 760.  760.  760.
 760.  760.  759.5 758.5 758.5 758.  758.  758.  757.5 757.  757.  757.
 757.  756.5 756.5 756.5 756.5 755.5 755.5 755.  754.5 754.  754.  753.5
 753.5 753.5 753.  752.5 752.5 752.5 752.  752.  752.  752.  752.  752.
 752.  752.  751.5 751.  751.  750.5 750.5 750.  750.  750.  750.  750.
 749.5 749.5 749.5 749.  749.  748.5 748.5 748.5 748.5 748.  748.  748.
 748.  748.  748.  748.  748.  747.5 747.5 747.5 747.5 747.5 747.5 747.5
 747.  747.  746.5 746.5 746.  746.  746.  746.  746.  746.  746.  746.
 746.  746.  745.  745.  745.  745.  745.  744.5 744.5 744.  744.  744.
 744.  744.  744.  743.5 743.  743.  743.  743.  743.  742.5 742.5 742.5
 742.5 742.  742.  742.  742.  742.  742.  742.  742.  742.  741.5 741.5
 741.  741.  741.  741.  741.  740.5 740.5 740.  740.  740.  740.  739.
 739.  739.  739.  738.5 738.5 738.5 738.5 738.5 738.5 738.5 738.5 738.5
 738.5 738.5 738.5 738.5 738.5 738.  738.  738.  738.  738.  738.  738.
 738.  738.  737.5 737.5 737.5 737.  737.  737.  736.5 736.5 736.5 736.5
 736.5 736.  736.  735.5 735.5 735.5 735.5 735.5 735.5 735.5 735.5 735.5
 735.5 735.5 735.  735.  735.  734.5 734.5 734.5 734.  734.  734.  734.
 734.  733.5 733.5 733.5 733.5 733.5 733.5 733.5 733.  733.  733.  733.
 732.5 732.5 732.5 732.5 732.  732.  732.  732.  732.  732.  732.  732.
 731.5 731.5 731.5 731.  731.  731.  731.  731.  731.  731.  731.  731.
 731.  730.5 730.5 730.5 730.  730.  729.5 729.5 729.5 729.5 729.5 729.5
 729.5 729.5 729.5 729.  729.  729.  728.5 728.5 728.5 728.5 728.5 728.
 728.  728.  728.  728.  728.  728.  727.5 727.5 727.  727.  727.  726.5
 726.5 726.5 726.  726.  726.  726.  726.  726.  726.  725.5 725.  725.
 725.  725.  725.  725.  725.  724.5 724.5 724.5 724.5 724.5 724.5 724.5
 724.5 724.5 724.  724.  724.  724.  724.  723.5 723.  723.  723.  722.5
 722.5 722.5 722.  722.  721.  720.5 720.5 720.5 720.5 720.  720.  720.
 720.  720.  719.5 719.5 719.5 719.5 719.  719.  719.  718.5 718.5 718.5
 717.5 717.  717.  717.  717.  717.  716.5 716.  716.  716.  716.  716.
 715.5 715.5 715.  715.  715.  714.5 713.5 713.5]
[807.  791.  791.  791.  786.  785.  784.5 776.5 776.5 776.5 776.  775.
 775.  775.  775.  774.5 774.  772.5 772.5 772.5 770.5 770.5 770.5 770.
 770.  770.  770.  770.  770.  770.  769.  769.  769.  768.  767.5 767.5
 767.  767.  767.  767.  767.  767.  767.  767.  766.5 766.5 766.  766.
 766.  763.5 763.5 763.5 763.  763.  763.  762.5 762.5 762.5 762.5 762.5
 762.5 762.  762.  761.5 761.5 761.5 761.5 761.  760.5 760.5 760.5 760.
 760.  760.  760.  760.  760.  760.  760.  760.  760.  759.5 759.5 759.
 758.5 758.5 758.  758.  758.  757.5 757.5 757.  757.  757.  757.  756.5
 756.5 756.5 756.5 756.5 756.5 756.5 755.5 755.5 755.5 755.  755.  754.5
 754.5 754.5 754.5 754.  754.  754.  754.  754.  753.5 753.5 753.5 753.
 753.  753.  752.5 752.5 752.5 752.  752.  752.  752.  752.  752.  752.
 752.  752.  752.  752.  752.  752.  751.5 751.5 751.5 751.5 751.  751.
 751.  750.5 750.5 750.5 750.  750.  750.  750.  750.  750.  750.  750.
 749.5 749.5 749.5 749.  749.  749.  748.5 748.5 748.5 748.5 748.  748.
 748.  748.  748.  748.  748.  748.  748.  748.  748.  747.5 747.5 747.5
 747.5 747.5 747.5 747.5 747.  747.  746.5 746.5 746.5 746.5 746.  746.
 746.  746.  746.  746.  746.  746.  746.  746.  746.  746.  745.  745.
 745.  745.  745.  745.  744.5 744.5 744.5 744.5 744.  744.  744.  744.
 744.  744.  744.  743.5 743.5 743.  743.  743.  743.  743.  742.5 742.5
 742.5 742.5 742.  742.  742.  742.  742.  742.  742.  742.  742.  742.
 742.  741.5 741.5 741.  741.  741.  741.  741.  740.5 740.5 740.5 740.
 740.  740.  740.  740.  740.  740.  739.  739.  739.  739.  739.  739.
 739.  738.5 738.5 738.5 738.5 738.5 738.5 738.5 738.5 738.5 738.5 738.5
 738.5 738.5 738.5 738.  738.  738.  738.  738.  738.  738.  738.  738.
 738.  738.  738.  738.  737.5 737.5 737.5 737.  737.  737.  737.  737.
 737.  736.5 736.5 736.5 736.5 736.5 736.5 736.5 736.  736.  736.  736.
 735.5 735.5 735.5 735.5 735.5 735.5 735.5 735.5 735.5 735.5 735.5 735.
 735.  735.  735.  734.5 734.5 734.5 734.  734.  734.  734.  734.  733.5
 733.5 733.5 733.5 733.5 733.5 733.5 733.5 733.  733.  733.  733.  732.5
 732.5 732.5 732.5 732.5 732.  732.  732.  732.  732.  732.  732.  732.
 732.  732.  731.5 731.5 731.5 731.  731.  731.  731.  731.  731.  731.
 731.  731.  731.  731.  731.  731.  730.5 730.5]
[807.  791.5 791.  791.  791.  791.  786.  785.  784.5 781.  776.5 776.5
 776.5 776.  775.  775.  775.  775.  775.  775.  775.  775.  774.5 774.5
 774.  772.5 772.5 772.5 770.5 770.5 770.5 770.  770.  770.  770.  770.
 770.  770.  770.  770.  769.  769.  769.  769.  768.  767.5 767.5 767.
 767.  767.  767.  767.  767.  767.  767.  767.  767.  767.  767.  767.
 767.  767.  766.5 766.5 766.  766.  766.  766.  765.  764.5 764.5 763.5
 763.5 763.5 763.5 763.5 763.  763.  763.  763.  763.  762.5 762.5 762.5
 762.5 762.5 762.5 762.5 762.5 762.  762.  762.  761.5 761.5 761.5 761.5
 761.5 761.5 761.  761.  760.5 760.5 760.5 760.  760.  760.  760.  760.
 760.  760.  760.  760.  760.  760.  760.  760.  760.  759.5 759.5 759.
 758.5 758.5 758.  758.  758.  757.5 757.5 757.5 757.  757.  757.  757.
 757.  756.5 756.5 756.5 756.5 756.5 756.5 756.5 756.5 756.  755.5 755.5
 755.5 755.5 755.  755.  754.5 754.5 754.5 754.5 754.5 754.5 754.5 754.
 754.  754.  754.  754.  754.  754.  753.5 753.5 753.5 753.5 753.5 753.
 753.  753.  753.  753.  752.5 752.5 752.5 752.  752.  752.  752.  752.
 752.  752.  752.  752.  752.  752.  752.  752.  752.  752.  752.  751.5
 751.5 751.5 751.5 751.  751.  751.  750.5 750.5 750.5 750.5 750.  750.
 750.  750.  750.  750.  750.  750.  750.  750.  750.  750.  749.5 749.5
 749.5 749.5 749.  749.  749.  749.  748.5 748.5 748.5 748.5 748.  748.
 748.  748.  748.  748.  748.  748.  748.  748.  748.  748.  747.5 747.5
 747.5 747.5 747.5 747.5 747.5 747.  747.  747.  747.  747.  746.5 746.5
 746.5 746.5 746.  746.  746.  746.  746.  746.  746.  746.  746.  746.
 746.  746.  746.  746.  745.  745.  745.  745.  745.  745.  745.  744.5
 744.5 744.5 744.5 744.  744.  744.  744.  744.  744.  744.  744.  744.
 744.  743.5 743.5 743.5 743.  743.  743.  743.  743.  743.  743.  743.
 742.5 742.5 742.5 742.5 742.5 742.  742.  742.  742.  742.  742.  742.
 742.  742.  742.  742.  742.  741.5 741.5 741.  741.  741.  741.  741.
 741.  741.  741.  740.5 740.5 740.5 740.5 740.  740.  740.  740.  740.
 740.  740.  740.  739.5 739.  739.  739.  739.  739.  739.  739.  739.
 738.5 738.5 738.5 738.5 738.5 738.5 738.5 738.5 738.5 738.5 738.5 738.5
 738.5 738.5 738.  738.  738.  738.  738.  738.  738.  738.  738.  738.
 738.  738.  738.  738.  738.  738.  737.5 737.5]
[807.  791.5 791.5 791.  791.  791.  791.  790.5 786.  785.  784.5 784.5
 782.  781.  778.5 776.5 776.5 776.5 776.5 776.  775.  775.  775.  775.
 775.  775.  775.  775.  775.  775.  775.  775.  775.  774.5 774.5 774.
 772.5 772.5 772.5 772.5 770.5 770.5 770.5 770.  770.  770.  770.  770.
 770.  770.  770.  770.  770.  770.  769.  769.  769.  769.  769.  769.
 769.  769.  769.  768.5 768.  767.5 767.5 767.5 767.5 767.5 767.5 767.
 767.  767.  767.  767.  767.  767.  767.  767.  767.  767.  767.  767.
 767.  767.  767.  767.  767.  767.  767.  766.5 766.5 766.5 766.  766.
 766.  766.  765.5 765.  765.  765.  764.5 764.5 764.5 763.5 763.5 763.5
 763.5 763.5 763.5 763.5 763.  763.  763.  763.  763.  763.  762.5 762.5
 762.5 762.5 762.5 762.5 762.5 762.5 762.5 762.5 762.5 762.  762.  762.
 762.  761.5 761.5 761.5 761.5 761.5 761.5 761.5 761.5 761.5 761.  761.
 761.  761.  760.5 760.5 760.5 760.  760.  760.  760.  760.  760.  760.
 760.  760.  760.  760.  760.  760.  760.  760.  760.  760.  760.  760.
 759.5 759.5 759.5 759.  758.5 758.5 758.5 758.  758.  758.  758.  758.
 757.5 757.5 757.5 757.5 757.5 757.  757.  757.  757.  757.  756.5 756.5
 756.5 756.5 756.5 756.5 756.5 756.5 756.5 756.5 756.5 756.  756.  756.
 756.  755.5 755.5 755.5 755.5 755.5 755.  755.  755.  754.5 754.5 754.5
 754.5 754.5 754.5 754.5 754.5 754.  754.  754.  754.  754.  754.  754.
 754.  754.  754.  754.  754.  754.  753.5 753.5 753.5 753.5 753.5 753.
 753.  753.  753.  753.  753.  753.  752.5 752.5 752.5 752.5 752.5 752.
 752.  752.  752.  752.  752.  752.  752.  752.  752.  752.  752.  752.
 752.  752.  752.  752.  752.  752.  752.  751.5 751.5 751.5 751.5 751.5
 751.  751.  751.  751.  751.  750.5 750.5 750.5 750.5 750.5 750.5 750.
 750.  750.  750.  750.  750.  750.  750.  750.  750.  750.  750.  750.
 750.  750.  749.5 749.5 749.5 749.5 749.  749.  749.  749.  749.  748.5
 748.5 748.5 748.5 748.5 748.5 748.  748.  748.  748.  748.  748.  748.
 748.  748.  748.  748.  748.  748.  748.  747.5 747.5 747.5 747.5 747.5
 747.5 747.5 747.  747.  747.  747.  747.  747.  747.  746.5 746.5 746.5
 746.5 746.5 746.  746.  746.  746.  746.  746.  746.  746.  746.  746.
 746.  746.  746.  746.  746.  745.5 745.  745.  745.  745.  745.  745.
 745.  745.  745.  744.5 744.5 744.5 744.5 744. ]
[807.  807.  791.5 791.5 791.5 791.5 791.5 791.  791.  791.  791.  791.
 790.5 788.  786.  785.  784.5 784.5 784.5 782.5 782.  781.  781.  781.
 778.5 778.5 776.5 776.5 776.5 776.5 776.5 776.  775.  775.  775.  775.
 775.  775.  775.  775.  775.  775.  775.  775.  775.  775.  775.  775.
 775.  775.  775.  774.5 774.5 774.  774.  773.  772.5 772.5 772.5 772.5
 772.5 770.5 770.5 770.5 770.5 770.  770.  770.  770.  770.  770.  770.
 770.  770.  770.  770.  770.  769.5 769.  769.  769.  769.  769.  769.
 769.  769.  769.  769.  769.  769.  769.  768.5 768.  767.5 767.5 767.5
 767.5 767.5 767.5 767.5 767.5 767.  767.  767.  767.  767.  767.  767.
 767.  767.  767.  767.  767.  767.  767.  767.  767.  767.  767.  767.
 767.  767.  767.  766.5 766.5 766.5 766.  766.  766.  766.  766.  765.5
 765.  765.  765.  764.5 764.5 764.5 764.  763.5 763.5 763.5 763.5 763.5
 763.5 763.5 763.5 763.5 763.5 763.5 763.5 763.  763.  763.  763.  763.
 763.  763.  763.  762.5 762.5 762.5 762.5 762.5 762.5 762.5 762.5 762.5
 762.5 762.5 762.5 762.5 762.5 762.5 762.  762.  762.  762.  761.5 761.5
 761.5 761.5 761.5 761.5 761.5 761.5 761.5 761.  761.  761.  761.  761.
 760.5 760.5 760.5 760.  760.  760.  760.  760.  760.  760.  760.  760.
 760.  760.  760.  760.  760.  760.  760.  760.  760.  760.  760.  760.
 759.5 759.5 759.5 759.5 759.  758.5 758.5 758.5 758.  758.  758.  758.
 758.  758.  758.  757.5 757.5 757.5 757.5 757.5 757.  757.  757.  757.
 757.  757.  756.5 756.5 756.5 756.5 756.5 756.5 756.5 756.5 756.5 756.5
 756.5 756.  756.  756.  756.  756.  756.  756.  756.  755.5 755.5 755.5
 755.5 755.5 755.5 755.  755.  755.  755.  755.  754.5 754.5 754.5 754.5
 754.5 754.5 754.5 754.5 754.5 754.5 754.5 754.  754.  754.  754.  754.
 754.  754.  754.  754.  754.  754.  754.  754.  754.  754.  754.  754.
 753.5 753.5 753.5 753.5 753.5 753.5 753.  753.  753.  753.  753.  753.
 753.  752.5 752.5 752.5 752.5 752.5 752.5 752.  752.  752.  752.  752.
 752.  752.  752.  752.  752.  752.  752.  752.  752.  752.  752.  752.
 752.  752.  752.  751.5 751.5 751.5 751.5 751.5 751.5 751.  751.  751.
 751.  751.  751.  751.  751.  750.5 750.5 750.5 750.5 750.5 750.5 750.5
 750.  750.  750.  750.  750.  750.  750.  750.  750.  750.  750.  750.
 750.  750.  750.  750.  750.  749.5 749.5 749.5]
[807.  807.  807.  791.5 791.5 791.5 791.5 791.5 791.5 791.  791.  791.
 791.  791.  791.  791.  790.5 788.  786.  785.  784.5 784.5 784.5 784.5
 784.5 784.5 782.5 782.  781.  781.  781.  781.  779.  778.5 778.5 778.5
 776.5 776.5 776.5 776.5 776.5 776.5 776.5 776.  775.  775.  775.  775.
 775.  775.  775.  775.  775.  775.  775.  775.  775.  775.  775.  775.
 775.  775.  775.  775.  775.  775.  775.  775.  775.  775.  774.5 774.5
 774.5 774.5 774.  774.  774.  774.  773.5 773.5 773.  772.5 772.5 772.5
 772.5 772.5 772.5 771.5 771.  771.  770.5 770.5 770.5 770.5 770.5 770.5
 770.  770.  770.  770.  770.  770.  770.  770.  770.  770.  770.  770.
 770.  770.  770.  769.5 769.5 769.  769.  769.  769.  769.  769.  769.
 769.  769.  769.  769.  769.  769.  769.  769.  768.5 768.5 768.5 768.
 768.  767.5 767.5 767.5 767.5 767.5 767.5 767.5 767.5 767.5 767.5 767.
 767.  767.  767.  767.  767.  767.  767.  767.  767.  767.  767.  767.
 767.  767.  767.  767.  767.  767.  767.  767.  767.  767.  767.  767.
 766.5 766.5 766.5 766.5 766.5 766.  766.  766.  766.  766.  766.  766.
 766.  765.5 765.  765.  765.  765.  764.5 764.5 764.5 764.  763.5 763.5
 763.5 763.5 763.5 763.5 763.5 763.5 763.5 763.5 763.5 763.5 763.5 763.5
 763.  763.  763.  763.  763.  763.  763.  763.  763.  763.  763.  763.
 762.5 762.5 762.5 762.5 762.5 762.5 762.5 762.5 762.5 762.5 762.5 762.5
 762.5 762.5 762.5 762.5 762.5 762.5 762.5 762.5 762.  762.  762.  762.
 761.5 761.5 761.5 761.5 761.5 761.5 761.5 761.5 761.5 761.  761.  761.
 761.  761.  761.  761.  760.5 760.5 760.5 760.5 760.  760.  760.  760.
 760.  760.  760.  760.  760.  760.  760.  760.  760.  760.  760.  760.
 760.  760.  760.  760.  760.  760.  759.5 759.5 759.5 759.5 759.5 759.
 759.  758.5 758.5 758.5 758.5 758.5 758.  758.  758.  758.  758.  758.
 758.  758.  757.5 757.5 757.5 757.5 757.5 757.  757.  757.  757.  757.
 757.  757.  756.5 756.5 756.5 756.5 756.5 756.5 756.5 756.5 756.5 756.5
 756.5 756.  756.  756.  756.  756.  756.  756.  756.  756.  755.5 755.5
 755.5 755.5 755.5 755.5 755.5 755.  755.  755.  755.  755.  755.  754.5
 754.5 754.5 754.5 754.5 754.5 754.5 754.5 754.5 754.5 754.5 754.5 754.5
 754.  754.  754.  754.  754.  754.  754.  754.  754.  754.  754.  754.
 754.  754.  754.  754.  754.  754.  754.  753.5]
[813.  807.  807.  807.  807.  804.  793.  791.5 791.5 791.5 791.5 791.5
 791.5 791.5 791.5 791.5 791.5 791.  791.  791.  791.  791.  791.  791.
 791.  791.  791.  790.5 790.  789.5 789.  788.  786.  785.  784.5 784.5
 784.5 784.5 784.5 784.5 784.5 782.5 782.5 782.  782.  781.5 781.5 781.
 781.  781.  781.  781.  781.  781.  779.  779.  779.  779.  778.5 778.5
 778.5 778.5 777.  777.  776.5 776.5 776.5 776.5 776.5 776.5 776.5 776.5
 776.5 776.  775.  775.  775.  775.  775.  775.  775.  775.  775.  775.
 775.  775.  775.  775.  775.  775.  775.  775.  775.  775.  775.  775.
 775.  775.  775.  775.  775.  775.  775.  775.  775.  775.  774.5 774.5
 774.5 774.5 774.5 774.  774.  774.  774.  774.  774.  774.  773.5 773.5
 773.5 773.  772.5 772.5 772.5 772.5 772.5 772.5 771.5 771.5 771.5 771.
 771.  770.5 770.5 770.5 770.5 770.5 770.5 770.5 770.  770.  770.  770.
 770.  770.  770.  770.  770.  770.  770.  770.  770.  770.  770.  770.
 769.5 769.5 769.5 769.  769.  769.  769.  769.  769.  769.  769.  769.
 769.  769.  769.  769.  769.  769.  769.  768.5 768.5 768.5 768.5 768.5
 768.  768.  768.  768.  767.5 767.5 767.5 767.5 767.5 767.5 767.5 767.5
 767.5 767.5 767.5 767.5 767.  767.  767.  767.  767.  767.  767.  767.
 767.  767.  767.  767.  767.  767.  767.  767.  767.  767.  767.  767.
 767.  767.  767.  767.  767.  767.  767.  767.  766.5 766.5 766.5 766.5
 766.5 766.5 766.  766.  766.  766.  766.  766.  766.  766.  766.  766.
 765.5 765.  765.  765.  765.  765.  764.5 764.5 764.5 764.5 764.  764.
 764.  763.5 763.5 763.5 763.5 763.5 763.5 763.5 763.5 763.5 763.5 763.5
 763.5 763.5 763.5 763.5 763.  763.  763.  763.  763.  763.  763.  763.
 763.  763.  763.  763.  763.  763.  762.5 762.5 762.5 762.5 762.5 762.5
 762.5 762.5 762.5 762.5 762.5 762.5 762.5 762.5 762.5 762.5 762.5 762.5
 762.5 762.5 762.5 762.5 762.5 762.  762.  762.  762.  762.  762.  761.5
 761.5 761.5 761.5 761.5 761.5 761.5 761.5 761.5 761.  761.  761.  761.
 761.  761.  761.  761.  760.5 760.5 760.5 760.5 760.5 760.  760.  760.
 760.  760.  760.  760.  760.  760.  760.  760.  760.  760.  760.  760.
 760.  760.  760.  760.  760.  760.  760.  760.  759.5 759.5 759.5 759.5
 759.5 759.5 759.  759.  758.5 758.5 758.5 758.5 758.5 758.  758.  758.
 758.  758.  758.  758.  758.  758.  758.  758. ]
[813.  813.  807.  807.  807.  807.  807.  804.  793.  791.5 791.5 791.5
 791.5 791.5 791.5 791.5 791.5 791.5 791.5 791.5 791.5 791.5 791.  791.
 791.  791.  791.  791.  791.  791.  791.  791.  791.  791.  791.  790.5
 790.  789.5 789.  789.  789.  788.  787.5 786.  785.  784.5 784.5 784.5
 784.5 784.5 784.5 784.5 784.5 784.5 784.  782.5 782.5 782.  782.  782.
 782.  781.5 781.5 781.5 781.  781.  781.  781.  781.  781.  781.  781.
 781.  781.  780.  779.  779.  779.  779.  778.5 778.5 778.5 778.5 778.5
 778.5 777.  777.  776.5 776.5 776.5 776.5 776.5 776.5 776.5 776.5 776.5
 776.5 776.5 776.5 776.  776.  776.  775.  775.  775.  775.  775.  775.
 775.  775.  775.  775.  775.  775.  775.  775.  775.  775.  775.  775.
 775.  775.  775.  775.  775.  775.  775.  775.  775.  775.  775.  775.
 775.  775.  775.  775.  775.  775.  775.  775.  775.  775.  774.5 774.5
 774.5 774.5 774.5 774.5 774.  774.  774.  774.  774.  774.  774.  773.5
 773.5 773.5 773.5 773.5 773.5 773.  772.5 772.5 772.5 772.5 772.5 772.5
 772.5 772.5 772.5 772.5 772.  771.5 771.5 771.5 771.5 771.5 771.  771.
 770.5 770.5 770.5 770.5 770.5 770.5 770.5 770.  770.  770.  770.  770.
 770.  770.  770.  770.  770.  770.  770.  770.  770.  770.  770.  770.
 770.  769.5 769.5 769.5 769.5 769.5 769.  769.  769.  769.  769.  769.
 769.  769.  769.  769.  769.  769.  769.  769.  769.  769.  769.  769.
 769.  768.5 768.5 768.5 768.5 768.5 768.5 768.  768.  768.  768.  768.
 767.5 767.5 767.5 767.5 767.5 767.5 767.5 767.5 767.5 767.5 767.5 767.5
 767.5 767.5 767.  767.  767.  767.  767.  767.  767.  767.  767.  767.
 767.  767.  767.  767.  767.  767.  767.  767.  767.  767.  767.  767.
 767.  767.  767.  767.  767.  767.  767.  767.  767.  766.5 766.5 766.5
 766.5 766.5 766.5 766.5 766.  766.  766.  766.  766.  766.  766.  766.
 766.  766.  766.  765.5 765.5 765.  765.  765.  765.  765.  765.  765.
 764.5 764.5 764.5 764.5 764.5 764.  764.  764.  764.  764.  763.5 763.5
 763.5 763.5 763.5 763.5 763.5 763.5 763.5 763.5 763.5 763.5 763.5 763.5
 763.5 763.5 763.5 763.  763.  763.  763.  763.  763.  763.  763.  763.
 763.  763.  763.  763.  763.  763.  763.  763.  762.5 762.5 762.5 762.5
 762.5 762.5 762.5 762.5 762.5 762.5 762.5 762.5 762.5 762.5 762.5 762.5
 762.5 762.5 762.5 762.5 762.5 762.5 762.5 762. ]
[815.5 813.  813.  813.  807.  807.  807.  807.  807.  807.  807.  804.
 804.  804.  796.5 793.  791.5 791.5 791.5 791.5 791.5 791.5 791.5 791.5
 791.5 791.5 791.5 791.5 791.5 791.5 791.5 791.5 791.  791.  791.  791.
 791.  791.  791.  791.  791.  791.  791.  791.  791.  791.  790.5 790.
 789.5 789.5 789.  789.  789.  788.  788.  787.5 787.5 786.  786.  785.
 784.5 784.5 784.5 784.5 784.5 784.5 784.5 784.5 784.5 784.5 784.5 784.5
 784.5 784.5 784.  782.5 782.5 782.  782.  782.  782.  782.  782.  781.5
 781.5 781.5 781.5 781.5 781.5 781.  781.  781.  781.  781.  781.  781.
 781.  781.  781.  781.  781.  781.  781.  780.  779.  779.  779.  779.
 779.  779.  779.  779.  779.  779.  778.5 778.5 778.5 778.5 778.5 778.5
 778.5 778.5 778.  777.  777.  776.5 776.5 776.5 776.5 776.5 776.5 776.5
 776.5 776.5 776.5 776.5 776.5 776.5 776.5 776.5 776.  776.  776.  776.
 775.  775.  775.  775.  775.  775.  775.  775.  775.  775.  775.  775.
 775.  775.  775.  775.  775.  775.  775.  775.  775.  775.  775.  775.
 775.  775.  775.  775.  775.  775.  775.  775.  775.  775.  775.  775.
 775.  775.  775.  775.  775.  775.  775.  774.5 774.5 774.5 774.5 774.5
 774.5 774.5 774.  774.  774.  774.  774.  774.  774.  774.  773.5 773.5
 773.5 773.5 773.5 773.5 773.5 773.  772.5 772.5 772.5 772.5 772.5 772.5
 772.5 772.5 772.5 772.5 772.  772.  771.5 771.5 771.5 771.5 771.5 771.
 771.  770.5 770.5 770.5 770.5 770.5 770.5 770.5 770.5 770.  770.  770.
 770.  770.  770.  770.  770.  770.  770.  770.  770.  770.  770.  770.
 770.  770.  770.  770.  770.  769.5 769.5 769.5 769.5 769.5 769.5 769.5
 769.  769.  769.  769.  769.  769.  769.  769.  769.  769.  769.  769.
 769.  769.  769.  769.  769.  769.  769.  769.  769.  768.5 768.5 768.5
 768.5 768.5 768.5 768.  768.  768.  768.  768.  768.  768.  768.  767.5
 767.5 767.5 767.5 767.5 767.5 767.5 767.5 767.5 767.5 767.5 767.5 767.5
 767.5 767.5 767.5 767.5 767.  767.  767.  767.  767.  767.  767.  767.
 767.  767.  767.  767.  767.  767.  767.  767.  767.  767.  767.  767.
 767.  767.  767.  767.  767.  767.  767.  767.  767.  767.  767.  766.5
 766.5 766.5 766.5 766.5 766.5 766.5 766.  766.  766.  766.  766.  766.
 766.  766.  766.  766.  766.  766.  765.5 765.5 765.  765.  765.  765.
 765.  765.  765.  764.5 764.5 764.5 764.5 764.5]
[815.5 813.  813.  813.  807.  807.  807.  807.  807.  807.  807.  807.
 807.  807.  804.  804.  804.  804.  796.5 793.  793.  793.  791.5 791.5
 791.5 791.5 791.5 791.5 791.5 791.5 791.5 791.5 791.5 791.5 791.5 791.5
 791.5 791.5 791.5 791.5 791.5 791.5 791.5 791.  791.  791.  791.  791.
 791.  791.  791.  791.  791.  791.  791.  791.  791.  791.  791.  791.
 791.  791.  790.5 790.  790.  789.5 789.5 789.5 789.  789.  789.  789.
 789.  789.  788.  788.  787.5 787.5 786.  786.  785.  784.5 784.5 784.5
 784.5 784.5 784.5 784.5 784.5 784.5 784.5 784.5 784.5 784.5 784.5 784.5
 784.5 784.  782.5 782.5 782.  782.  782.  782.  782.  782.  782.  782.
 782.  781.5 781.5 781.5 781.5 781.5 781.5 781.5 781.5 781.  781.  781.
 781.  781.  781.  781.  781.  781.  781.  781.  781.  781.  781.  781.
 781.  781.  780.  780.  779.5 779.  779.  779.  779.  779.  779.  779.
 779.  779.  779.  779.  779.  779.  779.  778.5 778.5 778.5 778.5 778.5
 778.5 778.5 778.5 778.5 778.  778.  777.  777.  777.  777.  777.  776.5
 776.5 776.5 776.5 776.5 776.5 776.5 776.5 776.5 776.5 776.5 776.5 776.5
 776.5 776.5 776.5 776.5 776.5 776.  776.  776.  776.  775.  775.  775.
 775.  775.  775.  775.  775.  775.  775.  775.  775.  775.  775.  775.
 775.  775.  775.  775.  775.  775.  775.  775.  775.  775.  775.  775.
 775.  775.  775.  775.  775.  775.  775.  775.  775.  775.  775.  775.
 775.  775.  775.  775.  775.  775.  775.  775.  775.  775.  775.  775.
 775.  775.  775.  775.  775.  775.  774.5 774.5 774.5 774.5 774.5 774.5
 774.5 774.5 774.  774.  774.  774.  774.  774.  774.  774.  773.5 773.5
 773.5 773.5 773.5 773.5 773.5 773.  773.  772.5 772.5 772.5 772.5 772.5
 772.5 772.5 772.5 772.5 772.5 772.5 772.5 772.  772.  771.5 771.5 771.5
 771.5 771.5 771.  771.  771.  770.5 770.5 770.5 770.5 770.5 770.5 770.5
 770.5 770.5 770.  770.  770.  770.  770.  770.  770.  770.  770.  770.
 770.  770.  770.  770.  770.  770.  770.  770.  770.  770.  770.  769.5
 769.5 769.5 769.5 769.5 769.5 769.5 769.5 769.  769.  769.  769.  769.
 769.  769.  769.  769.  769.  769.  769.  769.  769.  769.  769.  769.
 769.  769.  769.  769.  768.5 768.5 768.5 768.5 768.5 768.5 768.5 768.5
 768.  768.  768.  768.  768.  768.  768.  768.  768.  767.5 767.5 767.5
 767.5 767.5 767.5 767.5 767.5 767.5 767.5 767.5]
[815.5 813.  813.  813.  813.  807.  807.  807.  807.  807.  807.  807.
 807.  807.  807.  807.  807.  804.  804.  804.  804.  804.  796.5 793.
 793.  793.  793.  793.  793.  791.5 791.5 791.5 791.5 791.5 791.5 791.5
 791.5 791.5 791.5 791.5 791.5 791.5 791.5 791.5 791.5 791.5 791.5 791.5
 791.5 791.5 791.5 791.5 791.5 791.5 791.5 791.5 791.5 791.5 791.  791.
 791.  791.  791.  791.  791.  791.  791.  791.  791.  791.  791.  791.
 791.  791.  791.  791.  791.  791.  791.  791.  791.  791.  791.  791.
 790.5 790.5 790.  790.  790.  790.  789.5 789.5 789.5 789.5 789.5 789.
 789.  789.  789.  789.  789.  789.  789.  788.  788.  788.  787.5 787.5
 787.  786.  786.  785.  784.5 784.5 784.5 784.5 784.5 784.5 784.5 784.5
 784.5 784.5 784.5 784.5 784.5 784.5 784.5 784.5 784.5 784.5 784.5 784.5
 784.5 784.5 784.5 784.5 784.  784.  782.5 782.5 782.  782.  782.  782.
 782.  782.  782.  782.  782.  782.  782.  782.  782.  781.5 781.5 781.5
 781.5 781.5 781.5 781.5 781.5 781.5 781.  781.  781.  781.  781.  781.
 781.  781.  781.  781.  781.  781.  781.  781.  781.  781.  781.  781.
 781.  780.  780.  779.5 779.  779.  779.  779.  779.  779.  779.  779.
 779.  779.  779.  779.  779.  779.  779.  778.5 778.5 778.5 778.5 778.5
 778.5 778.5 778.5 778.5 778.5 778.  778.  777.  777.  777.  777.  777.
 777.  776.5 776.5 776.5 776.5 776.5 776.5 776.5 776.5 776.5 776.5 776.5
 776.5 776.5 776.5 776.5 776.5 776.5 776.5 776.  776.  776.  776.  775.
 775.  775.  775.  775.  775.  775.  775.  775.  775.  775.  775.  775.
 775.  775.  775.  775.  775.  775.  775.  775.  775.  775.  775.  775.
 775.  775.  775.  775.  775.  775.  775.  775.  775.  775.  775.  775.
 775.  775.  775.  775.  775.  775.  775.  775.  775.  775.  775.  775.
 775.  775.  775.  775.  775.  775.  775.  775.  775.  775.  775.  775.
 775.  775.  774.5 774.5 774.5 774.5 774.5 774.5 774.5 774.5 774.5 774.
 774.  774.  774.  774.  774.  774.  774.  773.5 773.5 773.5 773.5 773.5
 773.5 773.5 773.5 773.  773.  772.5 772.5 772.5 772.5 772.5 772.5 772.5
 772.5 772.5 772.5 772.5 772.5 772.  772.  772.  771.5 771.5 771.5 771.5
 771.5 771.  771.  771.  771.  770.5 770.5 770.5 770.5 770.5 770.5 770.5
 770.5 770.5 770.  770.  770.  770.  770.  770.  770.  770.  770.  770.
 770.  770.  770.  770.  770.  770.  770.  770. ]
[815.5 815.5 813.  813.  813.  813.  813.  813.  813.  813.  813.  813.
 810.  809.  807.  807.  807.  807.  807.  807.  807.  807.  807.  807.
 807.  807.  804.5 804.  804.  804.  804.  804.  804.  800.  799.  796.5
 794.  793.  793.  793.  793.  793.  793.  793.  791.5 791.5 791.5 791.5
 791.5 791.5 791.5 791.5 791.5 791.5 791.5 791.5 791.5 791.5 791.5 791.5
 791.5 791.5 791.5 791.5 791.5 791.5 791.5 791.5 791.5 791.5 791.5 791.5
 791.5 791.5 791.5 791.5 791.5 791.5 791.  791.  791.  791.  791.  791.
 791.  791.  791.  791.  791.  791.  791.  791.  791.  791.  791.  791.
 791.  791.  791.  791.  791.  791.  791.  791.  791.  791.  791.  791.
 791.  791.  791.  791.  790.5 790.5 790.  790.  790.  790.  790.  789.5
 789.5 789.5 789.5 789.5 789.5 789.  789.  789.  789.  789.  789.  789.
 789.  789.  789.  788.  788.  788.  788.  787.5 787.5 787.  786.  786.
 786.  786.  785.  784.5 784.5 784.5 784.5 784.5 784.5 784.5 784.5 784.5
 784.5 784.5 784.5 784.5 784.5 784.5 784.5 784.5 784.5 784.5 784.5 784.5
 784.5 784.5 784.5 784.5 784.5 784.5 784.5 784.5 784.5 784.5 784.5 784.
 784.  782.5 782.5 782.5 782.  782.  782.  782.  782.  782.  782.  782.
 782.  782.  782.  782.  782.  781.5 781.5 781.5 781.5 781.5 781.5 781.5
 781.5 781.5 781.5 781.5 781.5 781.5 781.  781.  781.  781.  781.  781.
 781.  781.  781.  781.  781.  781.  781.  781.  781.  781.  781.  781.
 781.  781.  781.  781.  781.  781.  780.  780.  779.5 779.  779.  779.
 779.  779.  779.  779.  779.  779.  779.  779.  779.  779.  779.  779.
 779.  779.  778.5 778.5 778.5 778.5 778.5 778.5 778.5 778.5 778.5 778.5
 778.  778.  778.  777.5 777.5 777.  777.  777.  777.  777.  777.  777.
 777.  776.5 776.5 776.5 776.5 776.5 776.5 776.5 776.5 776.5 776.5 776.5
 776.5 776.5 776.5 776.5 776.5 776.5 776.5 776.5 776.  776.  776.  776.
 775.  775.  775.  775.  775.  775.  775.  775.  775.  775.  775.  775.
 775.  775.  775.  775.  775.  775.  775.  775.  775.  775.  775.  775.
 775.  775.  775.  775.  775.  775.  775.  775.  775.  775.  775.  775.
 775.  775.  775.  775.  775.  775.  775.  775.  775.  775.  775.  775.
 775.  775.  775.  775.  775.  775.  775.  775.  775.  775.  775.  775.
 775.  775.  775.  775.  775.  775.  775.  775.  774.5 774.5 774.5 774.5
 774.5 774.5 774.5 774.5 774.5 774.  774.  774. ]
[815.5 815.5 815.5 813.  813.  813.  813.  813.  813.  813.  813.  813.
 813.  813.  810.  809.  807.  807.  807.  807.  807.  807.  807.  807.
 807.  807.  807.  807.  807.  807.  807.  807.  807.  807.  807.  804.5
 804.  804.  804.  804.  804.  804.  804.  804.  804.  804.  800.  799.
 799.  796.5 795.  794.  793.  793.  793.  793.  793.  793.  793.  793.
 793.  793.  793.  791.5 791.5 791.5 791.5 791.5 791.5 791.5 791.5 791.5
 791.5 791.5 791.5 791.5 791.5 791.5 791.5 791.5 791.5 791.5 791.5 791.5
 791.5 791.5 791.5 791.5 791.5 791.5 791.5 791.5 791.5 791.5 791.5 791.5
 791.5 791.5 791.5 791.5 791.5 791.5 791.5 791.5 791.5 791.5 791.5 791.5
 791.  791.  791.  791.  791.  791.  791.  791.  791.  791.  791.  791.
 791.  791.  791.  791.  791.  791.  791.  791.  791.  791.  791.  791.
 791.  791.  791.  791.  791.  791.  791.  791.  791.  791.  791.  791.
 791.  791.  791.  791.  791.  791.  790.5 790.5 790.  790.  790.  790.
 790.  790.  789.5 789.5 789.5 789.5 789.5 789.5 789.5 789.5 789.  789.
 789.  789.  789.  789.  789.  789.  789.  789.  789.  789.  789.  788.
 788.  788.  788.  788.  788.  788.  787.5 787.5 787.  786.  786.  786.
 786.  785.  785.  784.5 784.5 784.5 784.5 784.5 784.5 784.5 784.5 784.5
 784.5 784.5 784.5 784.5 784.5 784.5 784.5 784.5 784.5 784.5 784.5 784.5
 784.5 784.5 784.5 784.5 784.5 784.5 784.5 784.5 784.5 784.5 784.5 784.5
 784.5 784.5 784.  784.  784.  782.5 782.5 782.5 782.  782.  782.  782.
 782.  782.  782.  782.  782.  782.  782.  782.  782.  782.  782.  781.5
 781.5 781.5 781.5 781.5 781.5 781.5 781.5 781.5 781.5 781.5 781.5 781.5
 781.5 781.  781.  781.  781.  781.  781.  781.  781.  781.  781.  781.
 781.  781.  781.  781.  781.  781.  781.  781.  781.  781.  781.  781.
 781.  781.  781.  781.  781.  780.  780.  779.5 779.  779.  779.  779.
 779.  779.  779.  779.  779.  779.  779.  779.  779.  779.  779.  779.
 779.  779.  779.  778.5 778.5 778.5 778.5 778.5 778.5 778.5 778.5 778.5
 778.5 778.  778.  778.  777.5 777.5 777.5 777.  777.  777.  777.  777.
 777.  777.  777.  777.  776.5 776.5 776.5 776.5 776.5 776.5 776.5 776.5
 776.5 776.5 776.5 776.5 776.5 776.5 776.5 776.5 776.5 776.5 776.5 776.5
 776.5 776.  776.  776.  776.  775.  775.  775.  775.  775.  775.  775.
 775.  775.  775.  775.  775.  775.  775.  775. ]
[815.5 815.5 815.5 815.5 815.5 815.5 813.  813.  813.  813.  813.  813.
 813.  813.  813.  813.  813.  813.  813.  813.  813.  813.  810.  810.
 809.  809.  807.  807.  807.  807.  807.  807.  807.  807.  807.  807.
 807.  807.  807.  807.  807.  807.  807.  807.  807.  807.  807.  807.
 807.  807.  807.  807.  804.5 804.  804.  804.  804.  804.  804.  804.
 804.  804.  804.  804.  804.  800.  799.  799.  796.5 796.5 795.  794.
 793.  793.  793.  793.  793.  793.  793.  793.  793.  793.  793.  793.
 793.  793.  791.5 791.5 791.5 791.5 791.5 791.5 791.5 791.5 791.5 791.5
 791.5 791.5 791.5 791.5 791.5 791.5 791.5 791.5 791.5 791.5 791.5 791.5
 791.5 791.5 791.5 791.5 791.5 791.5 791.5 791.5 791.5 791.5 791.5 791.5
 791.5 791.5 791.5 791.5 791.5 791.5 791.5 791.5 791.5 791.5 791.5 791.5
 791.5 791.5 791.5 791.5 791.5 791.5 791.5 791.  791.  791.  791.  791.
 791.  791.  791.  791.  791.  791.  791.  791.  791.  791.  791.  791.
 791.  791.  791.  791.  791.  791.  791.  791.  791.  791.  791.  791.
 791.  791.  791.  791.  791.  791.  791.  791.  791.  791.  791.  791.
 791.  791.  791.  791.  791.  791.  791.  791.  791.  791.  791.  791.
 791.  790.5 790.5 790.  790.  790.  790.  790.  790.  790.  789.5 789.5
 789.5 789.5 789.5 789.5 789.5 789.5 789.  789.  789.  789.  789.  789.
 789.  789.  789.  789.  789.  789.  789.  789.  789.  789.  789.  789.
 788.  788.  788.  788.  788.  788.  788.  788.  787.5 787.5 787.5 787.
 786.  786.  786.  786.  785.  785.  784.5 784.5 784.5 784.5 784.5 784.5
 784.5 784.5 784.5 784.5 784.5 784.5 784.5 784.5 784.5 784.5 784.5 784.5
 784.5 784.5 784.5 784.5 784.5 784.5 784.5 784.5 784.5 784.5 784.5 784.5
 784.5 784.5 784.5 784.5 784.5 784.5 784.5 784.5 784.  784.  784.  782.5
 782.5 782.5 782.  782.  782.  782.  782.  782.  782.  782.  782.  782.
 782.  782.  782.  782.  782.  781.5 781.5 781.5 781.5 781.5 781.5 781.5
 781.5 781.5 781.5 781.5 781.5 781.5 781.5 781.  781.  781.  781.  781.
 781.  781.  781.  781.  781.  781.  781.  781.  781.  781.  781.  781.
 781.  781.  781.  781.  781.  781.  781.  781.  781.  781.  781.  781.
 781.  781.  781.  780.  780.  780.  780.  779.5 779.5 779.  779.  779.
 779.  779.  779.  779.  779.  779.  779.  779.  779.  779.  779.  779.
 779.  779.  779.  779.  778.5 778.5 778.5 778.5]
[815.5 815.5 815.5 815.5 815.5 815.5 815.5 815.5 813.  813.  813.  813.
 813.  813.  813.  813.  813.  813.  813.  813.  813.  813.  813.  813.
 813.  813.  813.  813.  813.  813.  813.  810.  810.  810.  810.  809.
 809.  807.  807.  807.  807.  807.  807.  807.  807.  807.  807.  807.
 807.  807.  807.  807.  807.  807.  807.  807.  807.  807.  807.  807.
 807.  807.  807.  807.  807.  807.  807.  807.  807.  807.  807.  807.
 807.  807.  807.  806.  804.5 804.  804.  804.  804.  804.  804.  804.
 804.  804.  804.  804.  804.  804.  804.  804.  804.  804.  804.  804.
 800.  799.  799.  796.5 796.5 796.5 795.  794.  793.  793.  793.  793.
 793.  793.  793.  793.  793.  793.  793.  793.  793.  793.  793.  793.
 793.  793.  791.5 791.5 791.5 791.5 791.5 791.5 791.5 791.5 791.5 791.5
 791.5 791.5 791.5 791.5 791.5 791.5 791.5 791.5 791.5 791.5 791.5 791.5
 791.5 791.5 791.5 791.5 791.5 791.5 791.5 791.5 791.5 791.5 791.5 791.5
 791.5 791.5 791.5 791.5 791.5 791.5 791.5 791.5 791.5 791.5 791.5 791.5
 791.5 791.5 791.5 791.5 791.5 791.5 791.5 791.5 791.5 791.5 791.5 791.5
 791.5 791.5 791.5 791.  791.  791.  791.  791.  791.  791.  791.  791.
 791.  791.  791.  791.  791.  791.  791.  791.  791.  791.  791.  791.
 791.  791.  791.  791.  791.  791.  791.  791.  791.  791.  791.  791.
 791.  791.  791.  791.  791.  791.  791.  791.  791.  791.  791.  791.
 791.  791.  791.  791.  791.  791.  791.  791.  791.  791.  791.  791.
 791.  791.  791.  790.5 790.5 790.  790.  790.  790.  790.  790.  790.
 789.5 789.5 789.5 789.5 789.5 789.5 789.5 789.5 789.5 789.  789.  789.
 789.  789.  789.  789.  789.  789.  789.  789.  789.  789.  789.  789.
 789.  789.  789.  789.  789.  789.  788.  788.  788.  788.  788.  788.
 788.  788.  787.5 787.5 787.5 787.5 787.  786.  786.  786.  786.  785.
 785.  784.5 784.5 784.5 784.5 784.5 784.5 784.5 784.5 784.5 784.5 784.5
 784.5 784.5 784.5 784.5 784.5 784.5 784.5 784.5 784.5 784.5 784.5 784.5
 784.5 784.5 784.5 784.5 784.5 784.5 784.5 784.5 784.5 784.5 784.5 784.5
 784.5 784.5 784.5 784.5 784.5 784.  784.  784.  784.  783.5 782.5 782.5
 782.5 782.  782.  782.  782.  782.  782.  782.  782.  782.  782.  782.
 782.  782.  782.  782.  781.5 781.5 781.5 781.5 781.5 781.5 781.5 781.5
 781.5 781.5 781.5 781.5 781.5 781.5 781.  781. ]
