[670.  743.  500.  645.  740.5 709.  768.  629.  519.5 529.  671.  696.5
 294.  654.  685.5 436.  605.  614.  675.5 715.5 602.  721.  680.  491.5
 694.5 664.5 302.5 192.5 691.  707.5 745.  749.  359.  248.  395.5 644.
 756.  691.5 542.5 693.5 705.5 422.  724.  593.  501.5 665.  728.  709.5
 503.5 442.5 376.  703.  604.5 593.  708.5 502.5 370.  494.  652.  366.
 248.  507.5 709.5 693.5 526.5 489.5 366.  729.5 701.5 269.  735.  715.5
 754.  698.5 748.5 705.5 691.5 668.  546.5 537.  585.  648.  679.5 712.5
 505.  731.5 481.  706.  363.5 357.  616.5 446.5 751.  321.  720.5 719.5
 731.5 746.  736.5 641.5 478.5 612.  635.  613.5 629.  707.5 673.  732.5
 470.  529.5 658.  668.5 385.5 532.  470.5 571.  691.5 712.5 537.5 483.5
 385.  463.  485.5 719.  615.  728.  374.5 723.5 694.5 262.5 590.  477.
 664.  476.  516.5 649.  528.  643.5 697.5 740.  651.5 493.  686.  384.
 743.5 698.  562.  652.5 667.5 430.5 531.5 608.  532.  725.  665.5 578.5
 654.5 304.  673.  523. ]
