[2, -3, 8.144869842640206]
[0, -2, 7.563093425308762]
[2, -2, 8.144869842640206]
[1, -2, 7.563093425308762]
[2, -3, 8.144869842640206]
[0, -1, 2.4933275028490423]
[2, -2, 8.144869842640206]
[1, -1, 2.4933275028490423]
[2, -3, 8.144869842640206]
[0, -2, 7.563093425308762]
[2, -2, 8.144869842640206]
[1, -2, 7.563093425308762]
[2, -3, 8.144869842640206]
[0, -1, 2.4933275028490423]
[2, -2, 8.144869842640206]
[1, -1, 2.4933275028490423]
[2, -3, 8.144869842640206]
[0, -2, 7.563093425308762]
[2, -2, 8.144869842640206]
[1, -2, 7.563093425308762]
[2, -3, 8.144869842640206]
[0, -1, 2.4933275028490423]
[2, -2, 8.144869842640206]
[1, -1, 2.4933275028490423]
[2, -3, 8.144869842640206]
[0, -2, 7.563093425308762]
[2, -2, 8.144869842640206]
[1, -2, 7.563093425308762]
[2, -3, 8.144869842640206]
[0, -1, 2.4933275028490423]
[2, -2, 8.144869842640206]
[1, -1, 2.4933275028490423]
[2, -3, 8.144869842640206]
[0, -2, 7.563093425308762]
[2, -2, 8.144869842640206]
[1, -2, 7.563093425308762]
[2, -3, 8.144869842640206]
[0, -1, 2.4933275028490423]
[2, -2, 8.144869842640206]
[1, -1, 2.4933275028490423]
[2, -3, 8.144869842640206]
[0, -2, 7.563093425308762]
[2, -2, 8.144869842640206]
[1, -2, 7.563093425308762]
[2, -3, 8.144869842640206]
[0, -1, 2.4933275028490423]
[2, -2, 8.144869842640206]
[1, -1, 2.4933275028490423]
[2, -3, 8.144869842640206]
[0, -2, 7.563093425308762]
[2, -2, 8.144869842640206]
[1, -2, 7.563093425308762]
[2, -3, 8.144869842640206]
[0, -1, 2.4933275028490423]
[2, -2, 8.144869842640206]
[1, -1, 2.4933275028490423]
[2, -3, 8.144869842640206]
[0, -2, 7.563093425308762]
[2, -2, 8.144869842640206]
[1, -2, 7.563093425308762]
[2, -3, 8.144869842640206]
[0, -1, 2.4933275028490423]
[2, -2, 8.144869842640206]
[1, -1, 2.4933275028490423]
[2, -3, 8.144869842640206]
[0, -2, 7.563093425308762]
[2, -2, 8.144869842640206]
[1, -2, 7.563093425308762]
[2, -3, 8.144869842640206]
[0, -1, 2.4933275028490423]
[2, -2, 8.144869842640206]
[1, -1, 2.4933275028490423]
[2, -3, 8.144869842640206]
[0, -2, 7.563093425308762]
[2, -2, 8.144869842640206]
[1, -2, 7.563093425308762]
[2, -3, 8.144869842640206]
[0, -1, 2.4933275028490423]
[2, -2, 8.144869842640206]
[1, -1, 2.4933275028490423]
