[2, -5, 4.072434921320103]
[0, -2, 7.563093425308762]
[2, -4, 4.072434921320103]
[1, -2, 7.563093425308762]
[2, -5, 4.072434921320103]
[0, -1, 2.4933275028490423]
[2, -4, 4.072434921320103]
[1, -1, 2.4933275028490423]
[2, -5, 4.072434921320103]
[0, -2, 7.563093425308762]
[2, -4, 4.072434921320103]
[1, -2, 7.563093425308762]
[2, -5, 4.072434921320103]
[0, -1, 2.4933275028490423]
[2, -4, 4.072434921320103]
[1, -1, 2.4933275028490423]
[2, -5, 4.072434921320103]
[0, -2, 7.563093425308762]
[2, -4, 4.072434921320103]
[1, -2, 7.563093425308762]
[2, -5, 4.072434921320103]
[0, -1, 2.4933275028490423]
[2, -4, 4.072434921320103]
[1, -1, 2.4933275028490423]
[2, -5, 4.072434921320103]
[0, -2, 7.563093425308762]
[2, -4, 4.072434921320103]
[1, -2, 7.563093425308762]
[2, -5, 4.072434921320103]
[0, -1, 2.4933275028490423]
[2, -4, 4.072434921320103]
[1, -1, 2.4933275028490423]
[2, -5, 4.072434921320103]
[0, -2, 7.563093425308762]
[2, -4, 4.072434921320103]
[1, -2, 7.563093425308762]
[2, -5, 4.072434921320103]
[0, -1, 2.4933275028490423]
[2, -4, 4.072434921320103]
[1, -1, 2.4933275028490423]
