[0, -3, 7.563093425308762]
[1, -3, 7.563093425308762]
[0, -2, 7.563093425308762]
[1, -2, 7.563093425308762]
[0, -3, 7.563093425308762]
[1, -3, 7.563093425308762]
[0, -2, 7.563093425308762]
[1, -2, 7.563093425308762]
[0, -3, 7.563093425308762]
[1, -3, 7.563093425308762]
[0, -2, 7.563093425308762]
[1, -2, 7.563093425308762]
[0, -3, 7.563093425308762]
[1, -3, 7.563093425308762]
[0, -2, 7.563093425308762]
[1, -2, 7.563093425308762]
[0, -3, 7.563093425308762]
[1, -3, 7.563093425308762]
[0, -2, 7.563093425308762]
[1, -2, 7.563093425308762]
[0, -3, 7.563093425308762]
[1, -3, 7.563093425308762]
[0, -2, 7.563093425308762]
[1, -2, 7.563093425308762]
[0, -3, 7.563093425308762]
[1, -3, 7.563093425308762]
[0, -2, 7.563093425308762]
[1, -2, 7.563093425308762]
[0, -3, 7.563093425308762]
[1, -3, 7.563093425308762]
[0, -2, 7.563093425308762]
[1, -2, 7.563093425308762]
[0, -3, 7.563093425308762]
[1, -3, 7.563093425308762]
[0, -2, 7.563093425308762]
[1, -2, 7.563093425308762]
[0, -3, 7.563093425308762]
[1, -3, 7.563093425308762]
[0, -2, 7.563093425308762]
[1, -2, 7.563093425308762]
