[686.  728.  496.  662.  747.5 735.  781.  621.  511.5 533.  690.  668.5
 277.  652.  669.5 428.  592.  664.  657.5 676.5 621.  707.  685.  484.5
 693.5 656.5 280.5 191.5 690.  698.5 735.  747.  363.  263.  416.5 683.
 765.  656.5 549.5 671.5 690.5 406.  765.  589.  543.5 655.  743.  685.5
 520.5 412.5 384.  745.  583.5 592.  732.5 499.5 383.  526.  655.  374.
 237.  499.5 721.5 723.5 530.5 503.5 344.  739.5 659.5 289.  710.  711.5
 761.  695.5 750.5 702.5 695.5 668.  513.5 509.  577.  649.  691.5 700.5
 537.  714.5 499.  710.  376.5 408.  604.5 462.5 739.  342.  746.5 708.5
 750.5 754.  738.5 628.5 470.5 625.  631.  607.5 622.  720.5 667.  776.5
 475.  514.5 662.  669.5 411.5 535.  453.5 574.  686.5 732.5 523.5 509.5
 356.  467.  493.5 721.  607.  733.  375.5 737.5 720.5 258.5 604.  447.
 645.  478.  501.5 672.  508.  663.5 688.5 768.  658.5 496.  689.  412.
 728.5 687.  560.  660.5 670.5 407.5]
