[692.  703.  506.  635.  753.5 709.  755.  632.  536.5 532.  659.  705.5
 310.  629.  654.5 457.  593.  636.  679.5 699.5 620.  711.  673.  517.5
 713.5 688.5 284.5 178.5 706.  706.5 756.  754.  377.  262.  407.5 644.
 756.  669.5 564.5 685.5 689.5 442.  725.  615.  524.5 661.  737.  690.5
 484.5 426.5 396.  727.  595.5 605.  713.5 459.5 389.  509.  666.  396.
 235.  518.5 715.5 691.5 520.5 512.5 360.  757.5 693.5 277.  722.  728.5
 763.  695.5 769.5 698.5 715.5 669.  540.5 540.  579.  656.  684.5 714.5
 516.  690.5 496.  738.  375.5 360.  575.5 475.5 748.  331.  743.5 695.5
 729.5 758.  729.5 636.5 472.5 634.  623.  607.5 613.  726.5 693.  746.5
 475.  530.5 691.  654.5 416.5 562.  499.5 590.  732.5 715.5 525.5 489.5
 363.  476.  497.5 733.  644.  746.  360.5 724.5 690.5 254.5 601.  442.
 639.  464.  480.5 655.  512.  655.5 669.5 748.  654.5 488.  698.  407.
 725.5 681.  564.  647.5 684.5 431.5 582.5 606.  530.  700.  686.5 600.5
 638.5 266.  711.  545.  734.  628.5 762.  309.5 413.  534.5 647.  456.
 707.5 408.  377.5 509.5 462.5 692.  696.5 458.  424.5 553.5 692.  473.
 677.  176.  725.5 548.  704.  605.5 634.5 657.  540.5 633.  603.5 668.
 621.5 565.  484.  433.5 509.  692.  662.  390.5 652.5 437.5 722.  581.5
 425.5 739.  431.5 569.  280.  178.5 549.  289.  703.  229.5 445.5 694.
 596.  583.5 478.  672.  635.  345.  348.5 656.5 647.5 600.5 571.  684.
 668.  537.5 179.  672.  614.  506.  595.5 596.  719.5 461.  402.5 286.
 695.5 562.  385.  658.5 730.  394.  423.5 316.  415.  571.  508.  755.5
 495.5 711.5 531.  672.5 722.5 730.  350.5 660.5 184.5 444.5 492.5 622.
 739.5 730.5 576.  197.  706.5 735.  699.5 577.  626.  406.5 748.  473.
 486.5 742.5 709.5 550.5 740.  482.5 520.  204.5 627.  704.  591.5 500.5
 676.  727.5 564.5 450.5 632.5 600.5 478.5 502.  436.  486.5 479.5 705.5
 426.5 460.5 377.  248.  699.5 695.  640.5 649.  478.  234.5 731.5 589.
 683.  711.  485.5 455.5 299.5 748.5 263.5 377.5]
