[2, -5, 4.072434921320103]
[2, -8, 10.47197551196598]
[2, -8, 10.47197551196598]
[1, -2, 7.563093425308762]
[2, -7, 7.126761112310177]
[2, -9, 10.47197551196598]
[2, -8, 10.47197551196598]
[2, -6, 7.126761112310177]
[1, -2, 7.563093425308762]
[2, -8, 10.47197551196598]
[1, -3, 7.563093425308762]
[2, -5, 4.072434921320103]
[2, -8, 10.47197551196598]
[1, -2, 7.563093425308762]
[2, -8, 10.47197551196598]
[1, -2, 7.563093425308762]
[2, -7, 7.126761112310177]
[2, -9, 10.47197551196598]
[2, -8, 10.47197551196598]
[2, -6, 7.126761112310177]
[1, -2, 7.563093425308762]
[2, -7, 7.126761112310177]
[2, -9, 10.47197551196598]
[2, -5, 4.072434921320103]
[2, -5, 4.072434921320103]
[2, -6, 7.126761112310177]
[2, -7, 7.126761112310177]
[2, -6, 7.126761112310177]
[1, -2, 7.563093425308762]
[2, -7, 7.126761112310177]
[1, -2, 7.563093425308762]
[2, -7, 7.126761112310177]
[0, -2, 7.563093425308762]
[2, -8, 10.47197551196598]
[0, -3, 7.563093425308762]
[2, -5, 4.072434921320103]
[1, -3, 7.563093425308762]
[2, -9, 10.47197551196598]
[0, -2, 7.563093425308762]
[0, -3, 7.563093425308762]
[0, -3, 7.563093425308762]
[2, -8, 10.47197551196598]
[2, -8, 10.47197551196598]
[0, -3, 7.563093425308762]
[0, -2, 7.563093425308762]
[2, -8, 10.47197551196598]
[2, -8, 10.47197551196598]
[1, -3, 7.563093425308762]
[2, -5, 4.072434921320103]
[2, -8, 10.47197551196598]
[1, -2, 7.563093425308762]
[2, -6, 7.126761112310177]
[1, -2, 7.563093425308762]
[2, -6, 7.126761112310177]
[1, -3, 7.563093425308762]
[1, -3, 7.563093425308762]
[0, -3, 7.563093425308762]
[2, -8, 10.47197551196598]
[2, -7, 7.126761112310177]
[0, -2, 7.563093425308762]
[0, -2, 7.563093425308762]
[0, -2, 7.563093425308762]
[2, -8, 10.47197551196598]
[0, -2, 7.563093425308762]
[2, -9, 10.47197551196598]
[2, -9, 10.47197551196598]
[1, -2, 7.563093425308762]
[2, -8, 10.47197551196598]
[0, -2, 7.563093425308762]
[0, -3, 7.563093425308762]
[2, -9, 10.47197551196598]
[2, -7, 7.126761112310177]
[2, -9, 10.47197551196598]
[2, -6, 7.126761112310177]
[1, -2, 7.563093425308762]
[2, -7, 7.126761112310177]
[1, -2, 7.563093425308762]
[2, -7, 7.126761112310177]
[0, -2, 7.563093425308762]
[2, -8, 10.47197551196598]
[0, -3, 7.563093425308762]
[2, -5, 4.072434921320103]
[1, -3, 7.563093425308762]
[2, -9, 10.47197551196598]
[0, -2, 7.563093425308762]
[0, -3, 7.563093425308762]
[0, -3, 7.563093425308762]
[2, -8, 10.47197551196598]
[2, -8, 10.47197551196598]
[0, -3, 7.563093425308762]
[0, -2, 7.563093425308762]
[2, -8, 10.47197551196598]
[2, -8, 10.47197551196598]
[1, -3, 7.563093425308762]
[2, -5, 4.072434921320103]
[1, -3, 7.563093425308762]
[2, -8, 10.47197551196598]
[0, -2, 7.563093425308762]
[2, -8, 10.47197551196598]
