[672.  710.5 667.  744.  713.  296.  639.5 710.5 349.5 704.5 694.  644.5
 601.  684.5 715.5 651.  657.5 374.5 755.5 407.  707.  728.5 776.  714.
 707.5 240.5 747.5 742.5 744.  656.5 739.  701.  762.  698.5 494.5 660.
 761.5 716.  604.  735.  710.  692.5 521.  666.5 251.5 451.  673.  271.5
 610.5 435.5 706.  430.5 525.  721.5 716.  738.  734.  723.  677.5 557.5
 253.  679.  749.5 607.  700.5 748.  589.5 748.5 611.  742.  747.5 698.
 296.5 718.  692.  747.5 690.5 564.  489.  572.5 745.  356.  730.  750.
 630.  557.5 736.  746.5 658.  669.5 530.5 722.  742.5 762.5 662.5 705.5
 461.  658.5 565.5 739.  718.  764.  735.  745.  765.  757.  757.  767.
 548.  761.  747.5 697.  472.  615.  589.  749.  759.5 772.5 360.5 643.
 660.5 272.  332.5 747.5 764.  201.  181.  742.5 743.5 755.5 430.  688.
 174.5 741.5 429.  714.5 366.5 505.5 701.  659.5]
[817.5 780.  776.  776.  776.  772.5 767.  765.  765.  764.  764.  764.
 764.  762.5 762.  762.  761.5 761.  761.  759.5 759.  758.5 758.  758.
 757.  757.  757.  757.  756.5 756.  755.5 755.5 752.5 752.5 752.  751.5
 751.  750.  749.5 749.  749.  748.5 748.  747.5 747.5 747.5 747.5 747.5
 746.5 746.5 746.5 746.  745.  745.  744.  744.  743.5 743.5 743.  742.5
 742.5 742.5 742.5 742.  741.5 741.  740.5 740.  739.  739.  739.  739.
 739.  738.5 738.  738.  737.  736.  735.5 735.  735.  735.  734.  734.
 732.  731.5 730.  730.  729.  728.5 727.  726.5 723.  723.  722.  721.5
 720.  718.  718.  716.  716.  716.  716.  716.  715.5 714.5 714.5 714.
 713.5 713.  713.  710.5 710.5 710.  710.  707.5 707.  706.  705.5 704.5
 701.  701.  701.  700.5 699.5 698.5 698.  697.  696.5 694.  692.5 692.
 690.5 688.  685.  684.5 679.  677.5 677.  675. ]
[817.5 817.5 786.  782.5 780.5 780.  776.  776.  776.  776.  772.5 772.5
 772.5 772.  771.5 767.  765.5 765.  765.  765.  764.  764.  764.  764.
 764.  762.5 762.5 762.  762.  761.5 761.  761.  759.5 759.5 759.  758.5
 758.5 758.5 758.5 758.  758.  758.  757.  757.  757.  757.  757.  756.5
 756.5 756.  755.5 755.5 754.  752.5 752.5 752.5 752.  752.  752.  751.5
 751.  751.  750.5 750.  750.  750.  750.  749.5 749.  749.  749.  749.
 749.  748.5 748.  747.5 747.5 747.5 747.5 747.5 747.5 746.5 746.5 746.5
 746.5 746.  746.  745.  745.  744.  744.  744.  743.5 743.5 743.5 743.
 742.5 742.5 742.5 742.5 742.  742.  741.5 741.  741.  740.5 740.  740.
 740.  739.  739.  739.  739.  739.  738.5 738.  738.  737.5 737.  736.
 735.5 735.5 735.  735.  735.  735.  734.  734.  733.  732.  732.  731.5
 731.  730.  730.  730.  730.  730.  729.  729. ]
[817.5 817.5 789.  786.  782.5 782.5 782.5 782.  780.5 780.  776.  776.
 776.  776.  776.  776.  774.  772.5 772.5 772.5 772.5 772.  772.  772.
 771.5 771.5 769.  767.  765.5 765.  765.  765.  765.  765.  765.  764.
 764.  764.  764.  764.  764.  764.  762.5 762.5 762.5 762.  762.  761.5
 761.  761.  761.  760.  759.5 759.5 759.  759.  758.5 758.5 758.5 758.5
 758.5 758.  758.  758.  758.  758.  757.5 757.  757.  757.  757.  757.
 756.5 756.5 756.  756.  755.5 755.5 755.5 755.  754.  752.5 752.5 752.5
 752.5 752.5 752.  752.  752.  752.  751.5 751.  751.  751.  750.5 750.
 750.  750.  750.  749.5 749.  749.  749.  749.  749.  748.5 748.5 748.
 748.  747.5 747.5 747.5 747.5 747.5 747.5 747.5 747.  746.5 746.5 746.5
 746.5 746.  746.  746.  745.5 745.  745.  745.  745.  745.  745.  744.
 744.  744.  743.5 743.5 743.5 743.  742.5 742.5]
[817.5 817.5 804.  798.  795.  790.5 789.  789.  786.  782.5 782.5 782.5
 782.5 782.5 782.  782.  782.  781.  780.5 780.5 780.  777.  776.  776.
 776.  776.  776.  776.  776.  776.  776.  774.  773.5 772.5 772.5 772.5
 772.5 772.  772.  772.  772.  771.5 771.5 771.5 770.  769.  769.  767.
 765.5 765.  765.  765.  765.  765.  765.  765.  764.  764.  764.  764.
 764.  764.  764.  762.5 762.5 762.5 762.5 762.5 762.  762.  762.  761.5
 761.  761.  761.  761.  761.  760.  759.5 759.5 759.5 759.  759.  759.
 758.5 758.5 758.5 758.5 758.5 758.  758.  758.  758.  758.  758.  758.
 757.5 757.  757.  757.  757.  757.  756.5 756.5 756.  756.  756.  756.
 755.5 755.5 755.5 755.  754.5 754.  754.  752.5 752.5 752.5 752.5 752.5
 752.  752.  752.  752.  752.  751.5 751.  751.  751.  750.5 750.  750.
 750.  750.  749.5 749.  749.  749.  749.  749. ]
[817.5 817.5 804.  803.  798.  795.  790.5 790.5 790.5 789.  789.  786.5
 786.  782.5 782.5 782.5 782.5 782.5 782.  782.  782.  781.  780.5 780.5
 780.  780.  779.  779.  777.5 777.  776.  776.  776.  776.  776.  776.
 776.  776.  776.  776.  776.  776.  774.  773.5 772.5 772.5 772.5 772.5
 772.5 772.5 772.5 772.  772.  772.  772.  772.  771.5 771.5 771.5 770.
 769.  769.  769.  767.  765.5 765.5 765.  765.  765.  765.  765.  765.
 765.  764.  764.  764.  764.  764.  764.  764.  762.5 762.5 762.5 762.5
 762.5 762.  762.  762.  761.5 761.  761.  761.  761.  761.  760.  760.
 759.5 759.5 759.5 759.  759.  759.  758.5 758.5 758.5 758.5 758.5 758.
 758.  758.  758.  758.  758.  758.  758.  757.5 757.  757.  757.  757.
 757.  757.  756.5 756.5 756.  756.  756.  756.  755.5 755.5 755.5 755.
 754.5 754.5 754.5 754.  754.  753.  752.5 752.5]
[817.5 817.5 804.  803.  803.  803.  798.  795.  790.5 790.5 790.5 790.5
 789.  789.  789.  789.  789.  786.5 786.  786.  782.5 782.5 782.5 782.5
 782.5 782.5 782.  782.  782.  781.  781.  780.5 780.5 780.  780.  780.
 779.  779.  777.5 777.  777.  776.  776.  776.  776.  776.  776.  776.
 776.  776.  776.  776.  776.  776.  774.  773.5 772.5 772.5 772.5 772.5
 772.5 772.5 772.5 772.  772.  772.  772.  772.  771.5 771.5 771.5 770.
 769.  769.  769.  767.  765.5 765.5 765.5 765.  765.  765.  765.  765.
 765.  765.  765.  764.  764.  764.  764.  764.  764.  764.  762.5 762.5
 762.5 762.5 762.5 762.  762.  762.  761.5 761.  761.  761.  761.  761.
 760.  760.  760.  759.5 759.5 759.5 759.  759.  759.  759.  759.  758.5
 758.5 758.5 758.5 758.5 758.5 758.  758.  758.  758.  758.  758.  758.
 758.  757.5 757.  757.  757.  757.  757.  757. ]
[817.5 817.5 817.5 817.5 804.  804.  803.  803.  803.  798.  795.  790.5
 790.5 790.5 790.5 789.  789.  789.  789.  789.  789.  786.5 786.5 786.
 786.  786.  782.5 782.5 782.5 782.5 782.5 782.5 782.5 782.5 782.5 782.5
 782.  782.  782.  782.  781.  781.  781.  781.  780.5 780.5 780.  780.
 780.  779.  779.  779.  778.5 777.5 777.5 777.5 777.  777.  776.  776.
 776.  776.  776.  776.  776.  776.  776.  776.  776.  776.  776.  776.
 776.  775.5 774.  773.5 772.5 772.5 772.5 772.5 772.5 772.5 772.5 772.
 772.  772.  772.  772.  771.5 771.5 771.5 770.  770.  769.  769.  769.
 769.  767.  765.5 765.5 765.5 765.5 765.  765.  765.  765.  765.  765.
 765.  765.  764.  764.  764.  764.  764.  764.  764.  764.  762.5 762.5
 762.5 762.5 762.5 762.  762.  762.  761.5 761.  761.  761.  761.  761.
 760.  760.  760.  759.5 759.5 759.5 759.  759. ]
