[721.  722.5 652.  765.  725.  286.  627.5 708.5 337.5 681.5 661.  652.5
 624.  683.5 750.5 658.  650.5 410.5 756.5 397.  699.  722.5 755.  723.
 675.5 248.5 766.5 724.5 746.  669.5 755.  704.  764.  677.5 518.5 642.
 759.5 713.  618.  734.  725.  712.5 540.  684.5 247.5 446.  683.  269.5
 609.5 475.5 730.  421.5 524.  698.5 721.  757.  723.  747.  685.5 572.5
 257.  705.  750.5 634.  709.5 736.  591.5 763.5 606.  736.  738.5 710.
 298.5 709.  698.  735.5 692.5 610.  504.  551.5 753.  384.  737.  733.
 637.  557.5 736.  748.5 665.  659.5 559.5 710.  742.5 753.5 664.5 721.5
 480.  664.5 568.5 757.  718.  751.  732.  756.  769.  770.  752.  745.
 541.  754.  732.5 715.  493.  604.  599.  761.  752.5 756.5 372.5 613.
 625.5 293.  328.5 769.5 770.  166.  187.  737.5 722.5 745.5 404.  661.
 182.5 735.5 467.  733.5 338.5 543.5 718.  607.5 713.  739.  725.  418.5
 425.  486.  615.  730.  520.5 690.5 374.  329.  564.5 317.  711.5 706.
 197.5 655.5 399.5 333.  736.5 742.5 745.5 625.5 385.5 537.  341.5 737.5
 740.5 736.5 749.5 724.  748.5 739.  742.  722.  718.5 717.5 740.  604.5
 703.5 495.  499.  606.  711.  507.5 740.5 663.5 635.  750.  445.5 754.5
 419.  748.  304.5 443.  564.  727.  724.  674.  698.  587.5 682.  662.
 499.  718.5 727.  378.5 582.5 364.5 702.5 676.5 619.5 715.5 696.  741.
 452.  460.  332.  574.5 676.5 701.  611.  616.  422.5 555.5 547.5 225.5
 344.  652.  657.5 579.  607.5 699.5 713.5 733.5 662.  475.  274.5 723.
 456.  703.  710.  727.5 535.5 621.5 746.  718.5 482.5 726.5 515.5 728.
 393.  645.5 743.  616.5 619.  729.5 542.  630. ]
[776.5 773.  773.  770.  770.  770.  769.5 769.  769.  769.  767.5 767.
 766.5 765.  764.5 764.  763.5 763.  762.5 762.  762.  761.  760.  759.5
 759.5 758.5 757.  757.  757.  757.  757.  757.  756.5 756.5 756.5 756.5
 756.5 756.  755.  755.  755.  754.5 754.  754.  754.  753.5 753.  753.
 752.5 752.  752.  751.  751.  750.5 750.5 750.5 750.  749.5 749.  748.5
 748.5 748.5 748.5 748.5 748.  748.  747.  747.  746.  746.  746.  745.5
 745.5 745.5 745.  745.  745.  745.  744.  743.5 743.  743.  743.  742.5
 742.5 742.  742.  742.  742.  741.5 741.5 741.  740.5 740.5 740.  740.
 740.  740.  739.5 739.  739.  738.5 738.5 738.  737.5 737.5 737.5 737.5
 737.  737.  736.5 736.5 736.5 736.5 736.  736.  736.  735.5 735.5 734.
 734.  734.  733.5 733.5 733.  732.5 732.5 732.5 732.  732.  732.  732.
 732.  730.5 730.  730.  730.  729.5 729.  729.  728.5 728.  727.5 727.
 727.  726.5 726.5 726.  725.  725.  725.  724.5 724.  724.  724.  723.5
 723.  723.  723.  723.  723.  722.5 722.5 722.5 722.  721.5 721.  721.
 720.  718.5 718.5 718.5 718.  718.  718.  717.5 717.5 717.  716.5 716.5
 715.5 715.5 715.  713.5 713.5 713.  713.  713.  713.  712.5 711.5 711.5
 711.  710.  710.  710.  709.5 709.5 709.  708.5 708.  708.  706.  705.5
 705.  705.  704.  703.5 703.  702.5 701.5 701.  700.  699.5 699.  699.
 698.5 698.  698.  698.  696.5 696.  693.5 692.5 691.5 690.5 688.5 685.5
 684.5 683.5 683.5 683.  682.  681.5 679.5 677.5 676.5 676.5 675.5 674.
 670.5 669.5 668.5 668.  665.  664.5 664.5 663.5 662.  662.  661.  661.
 659.5 658.  657.5 655.5 654.  652.5 652.  652. ]
[788.  785.  776.5 776.5 776.  773.  773.  773.  771.  770.5 770.  770.
 770.  769.5 769.  769.  769.  768.5 767.5 767.  767.  767.  766.5 765.
 765.  765.  764.5 764.  763.5 763.  763.  762.5 762.  762.  762.  761.
 761.  760.5 760.5 760.  760.  760.  759.5 759.5 759.5 758.5 758.5 758.5
 758.  757.  757.  757.  757.  757.  757.  757.  756.5 756.5 756.5 756.5
 756.5 756.  756.  756.  756.  755.  755.  755.  755.  755.  755.  755.
 755.  754.5 754.5 754.  754.  754.  754.  753.5 753.  753.  752.5 752.
 752.  751.5 751.5 751.  751.  751.  751.  751.  751.  750.5 750.5 750.5
 750.  750.  749.5 749.  749.  748.5 748.5 748.5 748.5 748.5 748.5 748.5
 748.  748.  747.5 747.  747.  747.  747.  746.  746.  746.  746.  745.5
 745.5 745.5 745.  745.  745.  745.  745.  744.5 744.5 744.  744.  744.
 743.5 743.5 743.  743.  743.  742.5 742.5 742.5 742.  742.  742.  742.
 742.  741.5 741.5 741.5 741.  741.  740.5 740.5 740.5 740.5 740.5 740.
 740.  740.  740.  740.  739.5 739.  739.  739.  738.5 738.5 738.  738.
 738.  738.  737.5 737.5 737.5 737.5 737.5 737.  737.  737.  737.  736.5
 736.5 736.5 736.5 736.5 736.  736.  736.  736.  735.5 735.5 735.  734.
 734.  734.  734.  734.  733.5 733.5 733.5 733.  733.  732.5 732.5 732.5
 732.5 732.  732.  732.  732.  732.  732.  730.5 730.5 730.5 730.  730.
 730.  730.  729.5 729.  729.  729.  728.5 728.  728.  727.5 727.5 727.
 727.  727.  727.  726.5 726.5 726.5 726.  726.  726.  725.  725.  725.
 724.5 724.  724.  724.  723.5 723.  723.  723.  723.  723.  723.  722.5
 722.5 722.5 722.5 722.  722.  721.5 721.  721. ]
[793.  788.  788.  785.  780.5 777.  776.5 776.5 776.  774.5 774.  773.
 773.  773.  773.  773.  771.  770.5 770.  770.  770.  770.  769.5 769.
 769.  769.  769.  769.  768.5 768.5 767.5 767.  767.  767.  767.  766.5
 766.5 766.5 765.  765.  765.  765.  765.  765.  764.5 764.5 764.5 764.
 764.  763.5 763.  763.  762.5 762.  762.  762.  761.  761.  761.  761.
 760.5 760.5 760.  760.  760.  760.  759.5 759.5 759.5 759.5 759.5 758.5
 758.5 758.5 758.5 758.5 758.  757.5 757.  757.  757.  757.  757.  757.
 757.  757.  757.  757.  756.5 756.5 756.5 756.5 756.5 756.5 756.5 756.5
 756.5 756.  756.  756.  756.  756.  755.  755.  755.  755.  755.  755.
 755.  755.  755.  755.  755.  755.  755.  755.  754.5 754.5 754.5 754.
 754.  754.  754.  753.5 753.  753.  752.5 752.  752.  752.  752.  751.5
 751.5 751.  751.  751.  751.  751.  751.  750.5 750.5 750.5 750.5 750.5
 750.  750.  750.  749.5 749.  749.  748.5 748.5 748.5 748.5 748.5 748.5
 748.5 748.5 748.5 748.  748.  748.  747.5 747.5 747.  747.  747.  747.
 747.  747.  747.  747.  746.  746.  746.  746.  746.  745.5 745.5 745.5
 745.  745.  745.  745.  745.  745.  745.  744.5 744.5 744.5 744.5 744.5
 744.  744.  744.  744.  744.  743.5 743.5 743.  743.  743.  743.  743.
 743.  742.5 742.5 742.5 742.  742.  742.  742.  742.  742.  741.5 741.5
 741.5 741.  741.  740.5 740.5 740.5 740.5 740.5 740.  740.  740.  740.
 740.  739.5 739.5 739.5 739.  739.  739.  739.  738.5 738.5 738.  738.
 738.  738.  738.  738.  738.  737.5 737.5 737.5 737.5 737.5 737.  737.
 737.  737.  737.  737.  736.5 736.5 736.5 736.5]
[804.  793.  793.  788.  788.  788.  788.  788.  785.  780.5 779.  777.
 776.5 776.5 776.5 776.5 776.  775.5 775.  774.5 774.  773.5 773.  773.
 773.  773.  773.  773.  773.  771.  771.  771.  770.5 770.  770.  770.
 770.  770.  770.  769.5 769.  769.  769.  769.  769.  769.  768.5 768.5
 768.  768.  767.5 767.5 767.5 767.5 767.5 767.  767.  767.  767.  767.
 766.5 766.5 766.5 766.5 765.  765.  765.  765.  765.  765.  765.  765.
 765.  764.5 764.5 764.5 764.5 764.5 764.  764.  763.5 763.5 763.  763.
 763.  762.5 762.5 762.  762.  762.  762.  761.  761.  761.  761.  760.5
 760.5 760.5 760.5 760.  760.  760.  760.  760.  760.  759.5 759.5 759.5
 759.5 759.5 759.5 758.5 758.5 758.5 758.5 758.5 758.  758.  757.5 757.5
 757.  757.  757.  757.  757.  757.  757.  757.  757.  757.  757.  757.
 756.5 756.5 756.5 756.5 756.5 756.5 756.5 756.5 756.5 756.  756.  756.
 756.  756.  756.  755.  755.  755.  755.  755.  755.  755.  755.  755.
 755.  755.  755.  755.  755.  755.  755.  754.5 754.5 754.5 754.  754.
 754.  754.  754.  753.5 753.5 753.5 753.  753.  752.5 752.5 752.  752.
 752.  752.  752.  752.  752.  751.5 751.5 751.  751.  751.  751.  751.
 751.  751.  750.5 750.5 750.5 750.5 750.5 750.5 750.  750.  750.  749.5
 749.  749.  749.  748.5 748.5 748.5 748.5 748.5 748.5 748.5 748.5 748.5
 748.5 748.  748.  748.  747.5 747.5 747.5 747.5 747.  747.  747.  747.
 747.  747.  747.  747.  747.  746.5 746.  746.  746.  746.  746.  746.
 746.  746.  745.5 745.5 745.5 745.  745.  745.  745.  745.  745.  745.
 745.  745.  744.5 744.5 744.5 744.5 744.5 744.5]
[804.  804.  800.5 793.  793.  789.5 788.  788.  788.  788.  788.  788.
 785.  785.  784.5 782.  780.5 779.  778.  778.  777.5 777.  776.5 776.5
 776.5 776.5 776.5 776.  775.5 775.5 775.5 775.  774.5 774.5 774.  774.
 773.5 773.  773.  773.  773.  773.  773.  773.  773.  773.  773.  773.
 772.5 772.  772.  771.5 771.  771.  771.  771.  770.5 770.  770.  770.
 770.  770.  770.  770.  770.  769.5 769.  769.  769.  769.  769.  769.
 769.  769.  769.  769.  769.  769.  769.  768.5 768.5 768.  768.  767.5
 767.5 767.5 767.5 767.5 767.5 767.  767.  767.  767.  767.  766.5 766.5
 766.5 766.5 766.5 766.  765.  765.  765.  765.  765.  765.  765.  765.
 765.  765.  765.  764.5 764.5 764.5 764.5 764.5 764.5 764.  764.  764.
 763.5 763.5 763.5 763.5 763.5 763.  763.  763.  762.5 762.5 762.5 762.
 762.  762.  762.  761.  761.  761.  761.  761.  761.  760.5 760.5 760.5
 760.5 760.5 760.5 760.  760.  760.  760.  760.  760.  760.  759.5 759.5
 759.5 759.5 759.5 759.5 759.5 758.5 758.5 758.5 758.5 758.5 758.5 758.
 758.  758.  757.5 757.5 757.  757.  757.  757.  757.  757.  757.  757.
 757.  757.  757.  757.  757.  757.  756.5 756.5 756.5 756.5 756.5 756.5
 756.5 756.5 756.5 756.5 756.  756.  756.  756.  756.  756.  756.  755.
 755.  755.  755.  755.  755.  755.  755.  755.  755.  755.  755.  755.
 755.  755.  755.  755.  754.5 754.5 754.5 754.  754.  754.  754.  754.
 754.  754.  753.5 753.5 753.5 753.  753.  753.  753.  753.  752.5 752.5
 752.5 752.  752.  752.  752.  752.  752.  752.  751.5 751.5 751.  751.
 751.  751.  751.  751.  751.  750.5 750.5 750.5]
[804.  804.  800.5 793.  793.  789.5 788.  788.  788.  788.  788.  788.
 788.  788.  787.  786.5 785.  785.  784.5 784.5 784.5 782.  781.5 780.5
 780.5 779.5 779.  778.  778.  777.5 777.5 777.5 777.  776.5 776.5 776.5
 776.5 776.5 776.5 776.5 776.  775.5 775.5 775.5 775.  774.5 774.5 774.
 774.  773.5 773.  773.  773.  773.  773.  773.  773.  773.  773.  773.
 773.  773.  773.  773.  772.5 772.  772.  771.5 771.  771.  771.  771.
 770.5 770.  770.  770.  770.  770.  770.  770.  770.  770.  769.5 769.5
 769.  769.  769.  769.  769.  769.  769.  769.  769.  769.  769.  769.
 769.  769.  769.  769.  768.5 768.5 768.5 768.  768.  768.  767.5 767.5
 767.5 767.5 767.5 767.5 767.5 767.5 767.  767.  767.  767.  767.  767.
 766.5 766.5 766.5 766.5 766.5 766.5 766.  766.  765.5 765.  765.  765.
 765.  765.  765.  765.  765.  765.  765.  765.  765.  765.  764.5 764.5
 764.5 764.5 764.5 764.5 764.  764.  764.  763.5 763.5 763.5 763.5 763.5
 763.5 763.5 763.  763.  763.  763.  762.5 762.5 762.5 762.5 762.  762.
 762.  762.  762.  762.  761.  761.  761.  761.  761.  761.  761.  761.
 761.  760.5 760.5 760.5 760.5 760.5 760.5 760.  760.  760.  760.  760.
 760.  760.  760.  759.5 759.5 759.5 759.5 759.5 759.5 759.5 759.5 759.
 759.  758.5 758.5 758.5 758.5 758.5 758.5 758.5 758.  758.  758.  758.
 757.5 757.5 757.  757.  757.  757.  757.  757.  757.  757.  757.  757.
 757.  757.  757.  757.  757.  756.5 756.5 756.5 756.5 756.5 756.5 756.5
 756.5 756.5 756.5 756.5 756.  756.  756.  756.  756.  756.  756.  755.
 755.  755.  755.  755.  755.  755.  755.  755. ]
[804.  804.  804.  804.  801.  800.5 793.  793.  793.  789.5 788.  788.
 788.  788.  788.  788.  788.  788.  788.  788.  788.  788.  788.  787.
 786.5 786.  785.  785.  784.5 784.5 784.5 784.5 782.  781.5 780.5 780.5
 780.  779.5 779.5 779.  778.  778.  778.  778.  777.5 777.5 777.5 777.5
 777.5 777.5 777.5 777.  776.5 776.5 776.5 776.5 776.5 776.5 776.5 776.5
 776.5 776.5 776.  775.5 775.5 775.5 775.5 775.5 775.  774.5 774.5 774.5
 774.  774.  774.  774.  773.5 773.  773.  773.  773.  773.  773.  773.
 773.  773.  773.  773.  773.  773.  773.  772.5 772.  772.  772.  771.5
 771.  771.  771.  771.  770.5 770.5 770.  770.  770.  770.  770.  770.
 770.  770.  770.  770.  770.  769.5 769.5 769.  769.  769.  769.  769.
 769.  769.  769.  769.  769.  769.  769.  769.  769.  769.  769.  769.
 769.  768.5 768.5 768.5 768.  768.  768.  767.5 767.5 767.5 767.5 767.5
 767.5 767.5 767.5 767.5 767.5 767.  767.  767.  767.  767.  767.  767.
 766.5 766.5 766.5 766.5 766.5 766.5 766.5 766.  766.  765.5 765.5 765.
 765.  765.  765.  765.  765.  765.  765.  765.  765.  765.  765.  765.
 765.  765.  765.  764.5 764.5 764.5 764.5 764.5 764.5 764.  764.  764.
 763.5 763.5 763.5 763.5 763.5 763.5 763.5 763.  763.  763.  763.  763.
 762.5 762.5 762.5 762.5 762.5 762.5 762.  762.  762.  762.  762.  762.
 762.  762.  761.5 761.5 761.5 761.  761.  761.  761.  761.  761.  761.
 761.  761.  760.5 760.5 760.5 760.5 760.5 760.5 760.  760.  760.  760.
 760.  760.  760.  760.  759.5 759.5 759.5 759.5 759.5 759.5 759.5 759.5
 759.5 759.  759.  758.5 758.5 758.5 758.5 758.5]
[804.  804.  804.  804.  804.  804.  801.  800.5 793.  793.  793.  793.
 789.5 789.5 788.  788.  788.  788.  788.  788.  788.  788.  788.  788.
 788.  788.  788.  788.  788.  787.  786.5 786.  786.  785.  785.  784.5
 784.5 784.5 784.5 784.5 783.  782.  782.  781.5 780.5 780.5 780.5 780.
 779.5 779.5 779.  779.  778.  778.  778.  778.  777.5 777.5 777.5 777.5
 777.5 777.5 777.5 777.5 777.5 777.5 777.5 777.  776.5 776.5 776.5 776.5
 776.5 776.5 776.5 776.5 776.5 776.5 776.5 776.5 776.5 776.  775.5 775.5
 775.5 775.5 775.5 775.5 775.5 775.  774.5 774.5 774.5 774.5 774.  774.
 774.  774.  774.  773.5 773.  773.  773.  773.  773.  773.  773.  773.
 773.  773.  773.  773.  773.  773.  773.  773.  773.  772.5 772.  772.
 772.  771.5 771.  771.  771.  771.  771.  770.5 770.5 770.5 770.  770.
 770.  770.  770.  770.  770.  770.  770.  770.  770.  769.5 769.5 769.5
 769.  769.  769.  769.  769.  769.  769.  769.  769.  769.  769.  769.
 769.  769.  769.  769.  769.  769.  769.  769.  768.5 768.5 768.5 768.
 768.  768.  768.  767.5 767.5 767.5 767.5 767.5 767.5 767.5 767.5 767.5
 767.5 767.  767.  767.  767.  767.  767.  767.  766.5 766.5 766.5 766.5
 766.5 766.5 766.5 766.5 766.  766.  766.  765.5 765.5 765.  765.  765.
 765.  765.  765.  765.  765.  765.  765.  765.  765.  765.  765.  765.
 765.  764.5 764.5 764.5 764.5 764.5 764.5 764.5 764.  764.  764.  763.5
 763.5 763.5 763.5 763.5 763.5 763.5 763.5 763.5 763.  763.  763.  763.
 763.  762.5 762.5 762.5 762.5 762.5 762.5 762.5 762.  762.  762.  762.
 762.  762.  762.  762.  762.  761.5 761.5 761.5]
[811.  804.  804.  804.  804.  804.  804.  804.  804.  804.  804.  804.
 804.  801.  801.  800.5 793.  793.  793.  793.  789.5 789.5 789.  788.
 788.  788.  788.  788.  788.  788.  788.  788.  788.  788.  788.  788.
 788.  788.  788.  788.  788.  788.  788.  787.  787.  786.5 786.  786.
 785.  785.  784.5 784.5 784.5 784.5 784.5 784.5 784.5 784.  783.  782.
 782.  781.5 781.5 780.5 780.5 780.5 780.  780.  779.5 779.5 779.5 779.5
 779.  779.  779.  779.  778.  778.  778.  778.  778.  777.5 777.5 777.5
 777.5 777.5 777.5 777.5 777.5 777.5 777.5 777.5 777.5 777.  776.5 776.5
 776.5 776.5 776.5 776.5 776.5 776.5 776.5 776.5 776.5 776.5 776.5 776.5
 776.  775.5 775.5 775.5 775.5 775.5 775.5 775.5 775.5 775.  774.5 774.5
 774.5 774.5 774.5 774.  774.  774.  774.  774.  774.  774.  774.  773.5
 773.5 773.  773.  773.  773.  773.  773.  773.  773.  773.  773.  773.
 773.  773.  773.  773.  773.  773.  773.  773.  772.5 772.  772.  772.
 771.5 771.  771.  771.  771.  771.  771.  771.  770.5 770.5 770.5 770.5
 770.  770.  770.  770.  770.  770.  770.  770.  770.  770.  770.  770.
 770.  770.  769.5 769.5 769.5 769.5 769.5 769.5 769.  769.  769.  769.
 769.  769.  769.  769.  769.  769.  769.  769.  769.  769.  769.  769.
 769.  769.  769.  769.  768.5 768.5 768.5 768.  768.  768.  768.  768.
 768.  767.5 767.5 767.5 767.5 767.5 767.5 767.5 767.5 767.5 767.5 767.5
 767.5 767.  767.  767.  767.  767.  767.  767.  767.  766.5 766.5 766.5
 766.5 766.5 766.5 766.5 766.5 766.  766.  766.  766.  766.  765.5 765.5
 765.5 765.  765.  765.  765.  765.  765.  765. ]
[813.  811.  804.  804.  804.  804.  804.  804.  804.  804.  804.  804.
 804.  804.  804.  804.  802.  801.  801.  800.5 794.5 793.  793.  793.
 793.  793.  793.  789.5 789.5 789.5 789.5 789.  788.5 788.  788.  788.
 788.  788.  788.  788.  788.  788.  788.  788.  788.  788.  788.  788.
 788.  788.  788.  788.  788.  788.  788.  788.  788.  788.  787.  787.
 787.  786.5 786.  786.  785.  785.  784.5 784.5 784.5 784.5 784.5 784.5
 784.5 784.5 784.5 784.5 784.5 784.  783.  782.  782.  782.  781.5 781.5
 781.5 780.5 780.5 780.5 780.  780.  780.  779.5 779.5 779.5 779.5 779.5
 779.  779.  779.  779.  778.  778.  778.  778.  778.  778.  778.  777.5
 777.5 777.5 777.5 777.5 777.5 777.5 777.5 777.5 777.5 777.5 777.5 777.5
 777.5 777.  776.5 776.5 776.5 776.5 776.5 776.5 776.5 776.5 776.5 776.5
 776.5 776.5 776.5 776.5 776.  776.  775.5 775.5 775.5 775.5 775.5 775.5
 775.5 775.5 775.  774.5 774.5 774.5 774.5 774.5 774.5 774.  774.  774.
 774.  774.  774.  774.  774.  774.  773.5 773.5 773.  773.  773.  773.
 773.  773.  773.  773.  773.  773.  773.  773.  773.  773.  773.  773.
 773.  773.  773.  772.5 772.5 772.  772.  772.  771.5 771.  771.  771.
 771.  771.  771.  771.  771.  770.5 770.5 770.5 770.5 770.  770.  770.
 770.  770.  770.  770.  770.  770.  770.  770.  770.  770.  770.  770.
 769.5 769.5 769.5 769.5 769.5 769.5 769.  769.  769.  769.  769.  769.
 769.  769.  769.  769.  769.  769.  769.  769.  769.  769.  769.  769.
 769.  769.  768.5 768.5 768.5 768.  768.  768.  768.  768.  768.  768.
 767.5 767.5 767.5 767.5 767.5 767.5 767.5 767.5]
[813.  811.  811.  804.  804.  804.  804.  804.  804.  804.  804.  804.
 804.  804.  804.  804.  804.  804.  804.  804.  804.  804.  802.  802.
 801.  801.  800.5 794.5 793.  793.  793.  793.  793.  793.  793.  792.
 792.  789.5 789.5 789.5 789.5 789.  789.  788.5 788.  788.  788.  788.
 788.  788.  788.  788.  788.  788.  788.  788.  788.  788.  788.  788.
 788.  788.  788.  788.  788.  788.  788.  788.  788.  788.  788.  788.
 788.  788.  788.  788.  787.  787.  787.  786.5 786.  786.  786.  785.
 785.  784.5 784.5 784.5 784.5 784.5 784.5 784.5 784.5 784.5 784.5 784.5
 784.5 784.5 784.5 784.  784.  783.  783.  782.  782.  782.  782.  782.
 781.5 781.5 781.5 780.5 780.5 780.5 780.5 780.  780.  780.  780.  779.5
 779.5 779.5 779.5 779.5 779.5 779.5 779.  779.  779.  779.  779.  778.
 778.  778.  778.  778.  778.  778.  778.  777.5 777.5 777.5 777.5 777.5
 777.5 777.5 777.5 777.5 777.5 777.5 777.5 777.5 777.5 777.5 777.  776.5
 776.5 776.5 776.5 776.5 776.5 776.5 776.5 776.5 776.5 776.5 776.5 776.5
 776.5 776.5 776.  776.  776.  775.5 775.5 775.5 775.5 775.5 775.5 775.5
 775.5 775.  774.5 774.5 774.5 774.5 774.5 774.5 774.  774.  774.  774.
 774.  774.  774.  774.  774.  773.5 773.5 773.5 773.  773.  773.  773.
 773.  773.  773.  773.  773.  773.  773.  773.  773.  773.  773.  773.
 773.  773.  773.  773.  772.5 772.5 772.  772.  772.  771.5 771.5 771.
 771.  771.  771.  771.  771.  771.  771.  771.  770.5 770.5 770.5 770.5
 770.  770.  770.  770.  770.  770.  770.  770.  770.  770.  770.  770.
 770.  770.  770.  770.  769.5 769.5 769.5 769.5]
[813.  813.  811.  811.  811.  811.  804.  804.  804.  804.  804.  804.
 804.  804.  804.  804.  804.  804.  804.  804.  804.  804.  804.  804.
 804.  804.  804.  804.  804.  804.  802.  802.  801.  801.  801.  800.5
 795.5 794.5 794.  793.  793.  793.  793.  793.  793.  793.  793.  793.
 792.  792.  789.5 789.5 789.5 789.5 789.5 789.  789.  788.5 788.5 788.
 788.  788.  788.  788.  788.  788.  788.  788.  788.  788.  788.  788.
 788.  788.  788.  788.  788.  788.  788.  788.  788.  788.  788.  788.
 788.  788.  788.  788.  788.  788.  788.  788.  788.  788.  788.  788.
 788.  788.  787.  787.  787.  786.5 786.  786.  786.  785.  785.  785.
 784.5 784.5 784.5 784.5 784.5 784.5 784.5 784.5 784.5 784.5 784.5 784.5
 784.5 784.5 784.5 784.5 784.5 784.  784.  784.  783.  783.  783.  782.
 782.  782.  782.  782.  782.  782.  781.5 781.5 781.5 781.  781.  780.5
 780.5 780.5 780.5 780.5 780.  780.  780.  780.  779.5 779.5 779.5 779.5
 779.5 779.5 779.5 779.  779.  779.  779.  779.  778.  778.  778.  778.
 778.  778.  778.  778.  778.  777.5 777.5 777.5 777.5 777.5 777.5 777.5
 777.5 777.5 777.5 777.5 777.5 777.5 777.5 777.5 777.5 777.  776.5 776.5
 776.5 776.5 776.5 776.5 776.5 776.5 776.5 776.5 776.5 776.5 776.5 776.5
 776.5 776.  776.  776.  775.5 775.5 775.5 775.5 775.5 775.5 775.5 775.5
 775.  775.  774.5 774.5 774.5 774.5 774.5 774.5 774.  774.  774.  774.
 774.  774.  774.  774.  774.  773.5 773.5 773.5 773.  773.  773.  773.
 773.  773.  773.  773.  773.  773.  773.  773.  773.  773.  773.  773.
 773.  773.  773.  773.  772.5 772.5 772.  772. ]
[813.  813.  811.  811.  811.  811.  811.  804.  804.  804.  804.  804.
 804.  804.  804.  804.  804.  804.  804.  804.  804.  804.  804.  804.
 804.  804.  804.  804.  804.  804.  804.  804.  804.  804.  804.  804.
 804.  804.  804.  804.  803.5 802.5 802.  802.  801.  801.  801.  801.
 800.5 800.5 795.5 795.5 794.5 794.  793.  793.  793.  793.  793.  793.
 793.  793.  793.  793.  792.  792.  789.5 789.5 789.5 789.5 789.5 789.5
 789.5 789.5 789.  789.  788.5 788.5 788.5 788.  788.  788.  788.  788.
 788.  788.  788.  788.  788.  788.  788.  788.  788.  788.  788.  788.
 788.  788.  788.  788.  788.  788.  788.  788.  788.  788.  788.  788.
 788.  788.  788.  788.  788.  788.  788.  788.  788.  788.  788.  788.
 788.  788.  788.  788.  787.  787.  787.  786.5 786.  786.  786.  785.
 785.  785.  785.  784.5 784.5 784.5 784.5 784.5 784.5 784.5 784.5 784.5
 784.5 784.5 784.5 784.5 784.5 784.5 784.5 784.5 784.5 784.5 784.5 784.5
 784.5 784.  784.  784.  783.  783.  783.  783.  783.  782.  782.  782.
 782.  782.  782.  782.  782.  781.5 781.5 781.5 781.5 781.  781.  780.5
 780.5 780.5 780.5 780.5 780.  780.  780.  780.  779.5 779.5 779.5 779.5
 779.5 779.5 779.5 779.5 779.  779.  779.  779.  779.  778.5 778.  778.
 778.  778.  778.  778.  778.  778.  778.  777.5 777.5 777.5 777.5 777.5
 777.5 777.5 777.5 777.5 777.5 777.5 777.5 777.5 777.5 777.5 777.5 777.5
 777.  776.5 776.5 776.5 776.5 776.5 776.5 776.5 776.5 776.5 776.5 776.5
 776.5 776.5 776.5 776.5 776.5 776.5 776.  776.  776.  775.5 775.5 775.5
 775.5 775.5 775.5 775.5 775.5 775.  775.  774.5]
[813.  813.  813.  811.  811.  811.  811.  811.  804.  804.  804.  804.
 804.  804.  804.  804.  804.  804.  804.  804.  804.  804.  804.  804.
 804.  804.  804.  804.  804.  804.  804.  804.  804.  804.  804.  804.
 804.  804.  804.  804.  804.  804.  804.  804.  804.  804.  804.  804.
 804.  804.  804.  804.  804.  804.  804.  804.  804.  804.  804.  803.5
 802.5 802.5 802.  802.  802.  802.  801.  801.  801.  801.  801.  801.
 801.  801.  801.  801.  801.  801.  800.5 800.5 800.5 795.5 795.5 794.5
 794.5 794.  793.  793.  793.  793.  793.  793.  793.  793.  793.  793.
 793.  793.  792.  792.  789.5 789.5 789.5 789.5 789.5 789.5 789.5 789.5
 789.  789.  789.  788.5 788.5 788.5 788.  788.  788.  788.  788.  788.
 788.  788.  788.  788.  788.  788.  788.  788.  788.  788.  788.  788.
 788.  788.  788.  788.  788.  788.  788.  788.  788.  788.  788.  788.
 788.  788.  788.  788.  788.  788.  788.  788.  788.  788.  788.  788.
 788.  788.  788.  788.  788.  788.  788.  787.  787.  787.  787.  786.5
 786.  786.  786.  786.  785.  785.  785.  785.  785.  785.  784.5 784.5
 784.5 784.5 784.5 784.5 784.5 784.5 784.5 784.5 784.5 784.5 784.5 784.5
 784.5 784.5 784.5 784.5 784.5 784.5 784.5 784.5 784.  784.  784.  783.
 783.  783.  783.  783.  782.  782.  782.  782.  782.  782.  782.  782.
 781.5 781.5 781.5 781.5 781.5 781.  781.  780.5 780.5 780.5 780.5 780.5
 780.  780.  780.  780.  779.5 779.5 779.5 779.5 779.5 779.5 779.5 779.5
 779.5 779.  779.  779.  779.  779.  778.5 778.  778.  778.  778.  778.
 778.  778.  778.  778.  778.  777.5 777.5 777.5]
[813.  813.  813.  813.  813.  811.  811.  811.  811.  811.  804.  804.
 804.  804.  804.  804.  804.  804.  804.  804.  804.  804.  804.  804.
 804.  804.  804.  804.  804.  804.  804.  804.  804.  804.  804.  804.
 804.  804.  804.  804.  804.  804.  804.  804.  804.  804.  804.  804.
 804.  804.  804.  804.  804.  804.  804.  804.  804.  804.  804.  804.
 804.  804.  804.  804.  804.  804.  804.  804.  804.  804.  803.5 802.5
 802.5 802.  802.  802.  802.  801.  801.  801.  801.  801.  801.  801.
 801.  801.  801.  801.  801.  801.  801.  801.  800.5 800.5 800.5 795.5
 795.5 795.  794.5 794.5 794.  793.  793.  793.  793.  793.  793.  793.
 793.  793.  793.  793.  793.  793.  792.  792.  791.  789.5 789.5 789.5
 789.5 789.5 789.5 789.5 789.5 789.5 789.  789.  789.  789.  789.  788.5
 788.5 788.5 788.  788.  788.  788.  788.  788.  788.  788.  788.  788.
 788.  788.  788.  788.  788.  788.  788.  788.  788.  788.  788.  788.
 788.  788.  788.  788.  788.  788.  788.  788.  788.  788.  788.  788.
 788.  788.  788.  788.  788.  788.  788.  788.  788.  788.  788.  788.
 788.  788.  788.  788.  788.  787.  787.  787.  787.  786.5 786.  786.
 786.  786.  785.  785.  785.  785.  785.  785.  784.5 784.5 784.5 784.5
 784.5 784.5 784.5 784.5 784.5 784.5 784.5 784.5 784.5 784.5 784.5 784.5
 784.5 784.5 784.5 784.5 784.5 784.5 784.5 784.  784.  784.  783.5 783.
 783.  783.  783.  783.  782.  782.  782.  782.  782.  782.  782.  782.
 782.  782.  781.5 781.5 781.5 781.5 781.5 781.  781.  780.5 780.5 780.5
 780.5 780.5 780.5 780.  780.  780.  780.  779.5]
[813.  813.  813.  813.  813.  813.  811.  811.  811.  811.  811.  811.
 804.  804.  804.  804.  804.  804.  804.  804.  804.  804.  804.  804.
 804.  804.  804.  804.  804.  804.  804.  804.  804.  804.  804.  804.
 804.  804.  804.  804.  804.  804.  804.  804.  804.  804.  804.  804.
 804.  804.  804.  804.  804.  804.  804.  804.  804.  804.  804.  804.
 804.  804.  804.  804.  804.  804.  804.  804.  804.  804.  804.  804.
 804.  804.  804.  804.  804.  804.  804.  804.  804.  804.  804.  804.
 804.  804.  804.  804.  804.  803.5 802.5 802.5 802.  802.  802.  802.
 801.  801.  801.  801.  801.  801.  801.  801.  801.  801.  801.  801.
 801.  801.  801.  801.  800.5 800.5 800.5 795.5 795.5 795.  794.5 794.5
 794.  793.  793.  793.  793.  793.  793.  793.  793.  793.  793.  793.
 793.  793.  792.  792.  791.  789.5 789.5 789.5 789.5 789.5 789.5 789.5
 789.5 789.5 789.5 789.5 789.5 789.  789.  789.  789.  789.  788.5 788.5
 788.5 788.5 788.  788.  788.  788.  788.  788.  788.  788.  788.  788.
 788.  788.  788.  788.  788.  788.  788.  788.  788.  788.  788.  788.
 788.  788.  788.  788.  788.  788.  788.  788.  788.  788.  788.  788.
 788.  788.  788.  788.  788.  788.  788.  788.  788.  788.  788.  788.
 788.  788.  788.  788.  788.  788.  788.  787.  787.  787.  787.  786.5
 786.  786.  786.  786.  786.  785.  785.  785.  785.  785.  785.  784.5
 784.5 784.5 784.5 784.5 784.5 784.5 784.5 784.5 784.5 784.5 784.5 784.5
 784.5 784.5 784.5 784.5 784.5 784.5 784.5 784.5 784.5 784.5 784.5 784.
 784.  784.  784.  783.5 783.  783.  783.  783. ]
