[690.  710.5 695.  713.  747.  316.  667.5 723.5 326.5 677.5 688.  632.5
 621.  682.5 709.5 671.  635.5 383.5 747.5 424.  685.  731.5 718.  708.
 699.5 264.5 756.5 741.5 745.  671.5 752.  707.  745.  712.5 518.5 636.
 770.5 708.  601.  743.  731.  711.5 519.  680.5 235.5 435.  703.  249.5
 613.5 460.5 711.  441.5 517.  699.5 732.  725.  752.  737.  688.5 556.5
 256.  690.  761.5 625.  726.5 740.  579.5 734.5 625.  750.  735.5 727.
 311.5 716.  693.  733.5 682.5 576.  482.  544.5 746.  368.  722.  732.
 674.  528.5 758.  736.5 659.  678.5 535.5 753.  747.5 759.5 667.5 724.5
 443.  663.5 579.5 745.  710.  754.  731.  769.  760.  774.  744.  766.
 547.  761.  750.5 715.  474.  618.  599.  746.  752.5 769.5 369.5 618.
 652.5 282.  325.5 756.5 752.  172.  190.  755.5 730.5 747.5 436.  696.
 183.5 730.5 443.  726.5 317.5 509.5 708.  612.5 729.  714.  720.  409.5
 431.  465.  626.  719.  523.5 705.5 349.  329.  555.5 308.  730.5 696.
 179.5 656.5 398.5 335.  713.5 720.5 730.5 630.5 413.5 530.  355.5 745.5
 741.5 738.5 757.5 755.  726.5 728.  751.  720.  721.5 706.5 745.  610.5
 687.5 478.  508.  596.  709.  495.5 714.5 662.5 671.  723.  441.5 722.5
 436.  748.  317.5 468.  557.  730.  730.  690.  705.  574.5 691.  635.
 522.  738.5 724.  401.5 570.5 358.5 696.5 643.5 619.5 712.5 699.  728.
 457.  457.  313.  573.5 659.5 697.  627.  584.  402.5 591.5 541.5 223.5
 360.  670.  644.5 586.  610.5 723.5 675.5 737.5 666.  452.  281.5 740.
 468.  713.  697.  702.5 531.5 628.5 769.  724.5 526.5 733.5 522.5 722.
 384.  645.5 762.  586.5 646.  748.5 523.  652.  692.  762.  414.5 565.5
 110.  639.5 273.5 306.5 752.  599.5 704.  405.5 731.5 697.5 730.5 213.5
 429.  508.  658.5 727.5 741.5 721.5 394.5 701.5 686.  736.  720.5 660.5
 295.5 726.5 723.5 417.5 700.5 628.5 727.5 752.5 450.5 469.  315.5 700.
 751.5 663.  701.5 463.  406.5 692.  576.  614.  576.5 740.5 697.  320.
 314.5 637.  644.5 688.5 635.  328.5 714.  742.  548.  594.5 700.5 729.
 730.  362.  751.  739.5 716.  630.  698.  637.5 660.5 653.  743.5 700.
 730.5 390.  778.5 710.5 647.  734.5 560.  312.  724.  434.  620.5 754.5
 552.5 753.  358.  671.5 208.5 323.  425.5 737.5 381.  644.  763.  727. ]
[822.  780.5 778.5 778.5 774.  770.5 770.5 769.5 769.5 769.  769.  768.
 767.  766.  766.  765.5 765.5 765.  763.  762.  762.  762.  762.  761.5
 761.5 761.  761.  760.  760.  759.5 759.  758.5 758.5 758.  758.  758.
 757.5 757.5 756.5 756.5 756.5 756.5 755.5 755.  755.  755.  755.  754.5
 754.  754.  754.  754.  753.5 753.  753.  753.  752.5 752.5 752.5 752.5
 752.5 752.  752.  752.  752.  752.  752.  751.5 751.5 751.  751.  751.
 751.  750.5 750.5 750.  750.  750.  748.5 748.5 748.5 748.  748.  747.5
 747.5 747.5 747.  747.  747.  746.  746.  746.  746.  745.5 745.  745.
 745.  745.  745.  745.  744.  744.  743.5 743.  743.  743.  743.  742.5
 742.  742.  741.5 741.5 741.5 741.5 741.  741.  740.5 740.5 740.  740.
 739.5 739.5 738.5 738.5 737.5 737.5 737.5 737.  737.  737.  737.  737.
 736.5 736.  736.  735.5 735.5 735.5 735.  734.5 734.5 734.  734.  733.5
 733.5 733.5 733.  733.  733.  732.5 732.  732.  732.  732.  732.  732.
 731.5 731.5 731.  731.  730.5 730.5 730.5 730.5 730.5 730.5 730.  730.
 730.  730.  729.  729.  729.  729.  728.5 728.5 728.  728.  728.  728.
 728.  728.  728.  727.5 727.5 727.5 727.5 727.  727.  726.5 726.5 726.5
 726.5 726.5 726.  726.  725.5 725.  724.5 724.5 724.  724.  723.5 723.5
 723.5 723.  723.  722.5 722.  722.  721.5 721.5 721.  720.5 720.5 720.
 720.  720.  720.  719.5 719.  719.  718.5 718.5 718.5 718.  718.  717.
 716.5 716.5 716.  716.  716.  715.  714.5 714.5 714.  714.  714.  714.
 713.5 713.  713.  713.  712.5 712.5 712.5 711.5 711.  711.  710.5 710.5
 710.5 710.  710.  709.5 709.  709.  708.  708.  708.  708.  708.  707.
 707.  706.5 705.5 705.5 705.  705.  704.  704.  703.5 703.  702.5 701.5
 701.5 701.  701.  700.5 700.5 700.  700.  699.5 699.5 699.  699.  698.
 697.5 697.5 697.  697.  697.  697.  697.  696.5 696.  696.  696.  695.
 695.  693.  692.5 692.  692.  691.  690.  690.  690.  688.5 688.5 688.
 687.5 686.5 686.  686.  685.5 685.  684.5 683.  682.5 682.5 680.5 680.
 678.5 677.5 677.5 677.5 675.5 674.  671.5 671.5 671.5 671.5 671.  671.
 670.  667.5 667.5 667.  666.  665.5 663.5 663.  662.5 660.5 660.5 659.5
 659.  658.5 656.5 656.  655.5 653.  652.5 652.  647.  646.  645.5 644.5]
[822.  780.5 780.5 778.5 778.5 778.5 774.  774.  774.  771.  770.5 770.5
 770.5 770.5 769.5 769.5 769.5 769.5 769.  769.  768.5 768.  768.  768.
 767.  766.  766.  765.5 765.5 765.  765.  765.  764.  763.  763.  763.
 763.  762.5 762.  762.  762.  762.  762.  761.5 761.5 761.5 761.5 761.5
 761.  761.  761.  761.  761.  760.5 760.  760.  760.  760.  759.5 759.
 758.5 758.5 758.  758.  758.  758.  757.5 757.5 757.5 757.5 757.  756.5
 756.5 756.5 756.5 756.5 756.  756.  756.  756.  756.  755.5 755.  755.
 755.  755.  755.  754.5 754.  754.  754.  754.  754.  754.  753.5 753.5
 753.  753.  753.  753.  753.  752.5 752.5 752.5 752.5 752.5 752.5 752.
 752.  752.  752.  752.  752.  752.  752.  752.  751.5 751.5 751.  751.
 751.  751.  751.  751.  750.5 750.5 750.5 750.  750.  750.  750.  750.
 750.  749.  749.  748.5 748.5 748.5 748.5 748.  748.  748.  748.  748.
 747.5 747.5 747.5 747.5 747.5 747.5 747.  747.  747.  746.5 746.  746.
 746.  746.  745.5 745.5 745.  745.  745.  745.  745.  745.  745.  745.
 745.  745.  744.  744.  744.  744.  743.5 743.5 743.  743.  743.  743.
 743.  743.  743.  742.5 742.5 742.5 742.  742.  742.  741.5 741.5 741.5
 741.5 741.5 741.5 741.5 741.5 741.  741.  740.5 740.5 740.  740.  740.
 740.  740.  739.5 739.5 739.5 739.  738.5 738.5 738.  738.  737.5 737.5
 737.5 737.  737.  737.  737.  737.  737.  737.  737.  737.  736.5 736.5
 736.  736.  736.  736.  736.  735.5 735.5 735.5 735.  734.5 734.5 734.5
 734.  734.  734.  733.5 733.5 733.5 733.  733.  733.  733.  733.  732.5
 732.5 732.  732.  732.  732.  732.  732.  731.5 731.5 731.  731.  731.
 731.  730.5 730.5 730.5 730.5 730.5 730.5 730.5 730.5 730.5 730.  730.
 730.  730.  730.  730.  729.5 729.  729.  729.  729.  729.  728.5 728.5
 728.5 728.  728.  728.  728.  728.  728.  728.  728.  727.5 727.5 727.5
 727.5 727.5 727.  727.  726.5 726.5 726.5 726.5 726.5 726.  726.  726.
 726.  725.5 725.5 725.  724.5 724.5 724.  724.  724.  723.5 723.5 723.5
 723.5 723.5 723.  723.  723.  722.5 722.  722.  722.  722.  721.5 721.5
 721.5 721.  721.  720.5 720.5 720.  720.  720.  720.  720.  719.5 719.
 719.  719.  718.5 718.5 718.5 718.5 718.5 718.  718.  718.  717.  716.5]
[822.  786.  782.  781.5 780.5 780.5 779.  778.5 778.5 778.5 778.5 778.
 775.5 775.  774.5 774.  774.  774.  774.  773.5 773.  773.  772.5 772.5
 772.  771.  770.5 770.5 770.5 770.5 770.  770.  769.5 769.5 769.5 769.5
 769.  769.  769.  768.5 768.  768.  768.  768.  768.  768.  767.5 767.
 767.  767.  766.  766.  766.  765.5 765.5 765.5 765.5 765.5 765.  765.
 765.  765.  765.  765.  765.  764.5 764.  764.  764.  763.5 763.  763.
 763.  763.  763.  763.  763.  762.5 762.5 762.  762.  762.  762.  762.
 761.5 761.5 761.5 761.5 761.5 761.5 761.5 761.5 761.  761.  761.  761.
 761.  761.  761.  761.  761.  761.  760.5 760.5 760.  760.  760.  760.
 760.  760.  760.  759.5 759.5 759.  759.  758.5 758.5 758.5 758.5 758.5
 758.  758.  758.  758.  758.  758.  758.  757.5 757.5 757.5 757.5 757.5
 757.5 757.  756.5 756.5 756.5 756.5 756.5 756.5 756.5 756.  756.  756.
 756.  756.  756.  756.  756.  755.5 755.5 755.5 755.  755.  755.  755.
 755.  755.  755.  755.  754.5 754.5 754.  754.  754.  754.  754.  754.
 753.5 753.5 753.  753.  753.  753.  753.  752.5 752.5 752.5 752.5 752.5
 752.5 752.5 752.  752.  752.  752.  752.  752.  752.  752.  752.  752.
 752.  751.5 751.5 751.  751.  751.  751.  751.  751.  751.  751.  751.
 750.5 750.5 750.5 750.  750.  750.  750.  750.  750.  749.  749.  749.
 749.  749.  749.  748.5 748.5 748.5 748.5 748.5 748.5 748.  748.  748.
 748.  748.  748.  747.5 747.5 747.5 747.5 747.5 747.5 747.5 747.5 747.
 747.  747.  747.  747.  747.  746.5 746.  746.  746.  746.  746.  746.
 746.  745.5 745.5 745.  745.  745.  745.  745.  745.  745.  745.  745.
 745.  745.  745.  744.  744.  744.  744.  744.  744.  743.5 743.5 743.5
 743.5 743.  743.  743.  743.  743.  743.  743.  743.  743.  743.  743.
 742.5 742.5 742.5 742.5 742.5 742.  742.  742.  741.5 741.5 741.5 741.5
 741.5 741.5 741.5 741.5 741.5 741.  741.  740.5 740.5 740.5 740.  740.
 740.  740.  740.  739.5 739.5 739.5 739.5 739.  738.5 738.5 738.  738.
 738.  737.5 737.5 737.5 737.5 737.5 737.  737.  737.  737.  737.  737.
 737.  737.  737.  737.  737.  736.5 736.5 736.  736.  736.  736.  736.
 736.  736.  735.5 735.5 735.5 735.  735.  734.5 734.5 734.5 734.  734. ]
[822.  822.  822.  797.  786.  786.  782.  782.  782.  781.5 781.5 781.
 780.5 780.5 779.  778.5 778.5 778.5 778.5 778.5 778.5 778.  775.5 775.5
 775.  775.  774.5 774.  774.  774.  774.  773.5 773.  773.  772.5 772.5
 772.5 772.  771.  770.5 770.5 770.5 770.5 770.5 770.  770.  769.5 769.5
 769.5 769.5 769.5 769.5 769.  769.  769.  769.  768.5 768.  768.  768.
 768.  768.  768.  768.  768.  768.  768.  767.5 767.  767.  767.  767.
 766.5 766.  766.  766.  766.  766.  765.5 765.5 765.5 765.5 765.5 765.
 765.  765.  765.  765.  765.  765.  765.  764.5 764.  764.  764.  764.
 764.  764.  763.5 763.  763.  763.  763.  763.  763.  763.  763.  763.
 763.  762.5 762.5 762.  762.  762.  762.  762.  762.  762.  762.  761.5
 761.5 761.5 761.5 761.5 761.5 761.5 761.5 761.5 761.5 761.5 761.5 761.
 761.  761.  761.  761.  761.  761.  761.  761.  761.  761.  761.  760.5
 760.5 760.  760.  760.  760.  760.  760.  760.  760.  759.5 759.5 759.5
 759.5 759.5 759.  759.  758.5 758.5 758.5 758.5 758.5 758.5 758.5 758.
 758.  758.  758.  758.  758.  758.  758.  758.  758.  758.  758.  757.5
 757.5 757.5 757.5 757.5 757.5 757.  757.  757.  757.  756.5 756.5 756.5
 756.5 756.5 756.5 756.5 756.5 756.5 756.5 756.  756.  756.  756.  756.
 756.  756.  756.  756.  755.5 755.5 755.5 755.  755.  755.  755.  755.
 755.  755.  755.  755.  755.  754.5 754.5 754.  754.  754.  754.  754.
 754.  754.  753.5 753.5 753.5 753.  753.  753.  753.  753.  753.  753.
 753.  752.5 752.5 752.5 752.5 752.5 752.5 752.5 752.5 752.5 752.  752.
 752.  752.  752.  752.  752.  752.  752.  752.  752.  752.  752.  751.5
 751.5 751.5 751.  751.  751.  751.  751.  751.  751.  751.  751.  750.5
 750.5 750.5 750.5 750.  750.  750.  750.  750.  750.  750.  750.  749.5
 749.  749.  749.  749.  749.  749.  749.  748.5 748.5 748.5 748.5 748.5
 748.5 748.5 748.5 748.  748.  748.  748.  748.  748.  748.  748.  747.5
 747.5 747.5 747.5 747.5 747.5 747.5 747.5 747.5 747.  747.  747.  747.
 747.  747.  747.  747.  747.  746.5 746.  746.  746.  746.  746.  746.
 746.  745.5 745.5 745.5 745.  745.  745.  745.  745.  745.  745.  745.
 745.  745.  745.  745.  745.  745.  745.  744.5 744.5 744.5 744.  744. ]
[822.  822.  822.  822.  817.  800.5 797.  793.5 786.  786.  783.  782.5
 782.  782.  782.  782.  781.5 781.5 781.  781.  780.5 780.5 780.5 779.
 779.  779.  778.5 778.5 778.5 778.5 778.5 778.5 778.5 778.  778.  776.5
 775.5 775.5 775.5 775.  775.  775.  774.5 774.  774.  774.  774.  774.
 774.  773.5 773.5 773.  773.  773.  773.  772.5 772.5 772.5 772.5 772.
 772.  771.  770.5 770.5 770.5 770.5 770.5 770.5 770.  770.  770.  769.5
 769.5 769.5 769.5 769.5 769.5 769.5 769.5 769.5 769.  769.  769.  769.
 769.  769.  769.  768.5 768.  768.  768.  768.  768.  768.  768.  768.
 768.  768.  768.  768.  768.  767.5 767.  767.  767.  767.  767.  767.
 767.  767.  766.5 766.5 766.  766.  766.  766.  766.  766.  765.5 765.5
 765.5 765.5 765.5 765.5 765.5 765.5 765.5 765.  765.  765.  765.  765.
 765.  765.  765.  765.  765.  765.  765.  764.5 764.  764.  764.  764.
 764.  764.  764.  764.  764.  763.5 763.5 763.  763.  763.  763.  763.
 763.  763.  763.  763.  763.  763.  763.  763.  762.5 762.5 762.5 762.5
 762.5 762.  762.  762.  762.  762.  762.  762.  762.  762.  761.5 761.5
 761.5 761.5 761.5 761.5 761.5 761.5 761.5 761.5 761.5 761.5 761.5 761.5
 761.5 761.5 761.  761.  761.  761.  761.  761.  761.  761.  761.  761.
 761.  761.  760.5 760.5 760.5 760.  760.  760.  760.  760.  760.  760.
 760.  760.  760.  759.5 759.5 759.5 759.5 759.5 759.5 759.5 759.5 759.5
 759.5 759.  759.  759.  758.5 758.5 758.5 758.5 758.5 758.5 758.5 758.5
 758.5 758.  758.  758.  758.  758.  758.  758.  758.  758.  758.  758.
 758.  758.  757.5 757.5 757.5 757.5 757.5 757.5 757.5 757.5 757.  757.
 757.  757.  757.  757.  757.  756.5 756.5 756.5 756.5 756.5 756.5 756.5
 756.5 756.5 756.5 756.5 756.5 756.  756.  756.  756.  756.  756.  756.
 756.  756.  756.  756.  756.  755.5 755.5 755.5 755.5 755.  755.  755.
 755.  755.  755.  755.  755.  755.  755.  754.5 754.5 754.5 754.  754.
 754.  754.  754.  754.  754.  754.  754.  753.5 753.5 753.5 753.5 753.
 753.  753.  753.  753.  753.  753.  753.  752.5 752.5 752.5 752.5 752.5
 752.5 752.5 752.5 752.5 752.  752.  752.  752.  752.  752.  752.  752.
 752.  752.  752.  752.  752.  752.  751.5 751.5 751.5 751.5 751.  751. ]
[822.  822.  822.  822.  822.  817.  800.5 797.  793.5 786.5 786.  786.
 786.  786.  786.  786.  783.  782.5 782.  782.  782.  782.  782.  782.
 781.5 781.5 781.  781.  780.5 780.5 780.5 779.  779.  779.  779.  779.
 779.  778.5 778.5 778.5 778.5 778.5 778.5 778.5 778.5 778.  778.  776.5
 776.  775.5 775.5 775.5 775.5 775.  775.  775.  775.  775.  775.  774.5
 774.  774.  774.  774.  774.  774.  774.  774.  774.  773.5 773.5 773.
 773.  773.  773.  773.  772.5 772.5 772.5 772.5 772.5 772.  772.  772.
 771.  770.5 770.5 770.5 770.5 770.5 770.5 770.5 770.  770.  770.  770.
 769.5 769.5 769.5 769.5 769.5 769.5 769.5 769.5 769.5 769.5 769.5 769.
 769.  769.  769.  769.  769.  769.  769.  768.5 768.  768.  768.  768.
 768.  768.  768.  768.  768.  768.  768.  768.  768.  768.  768.  768.
 768.  768.  768.  768.  768.  768.  767.5 767.  767.  767.  767.  767.
 767.  767.  767.  767.  767.  766.5 766.5 766.  766.  766.  766.  766.
 766.  765.5 765.5 765.5 765.5 765.5 765.5 765.5 765.5 765.5 765.5 765.
 765.  765.  765.  765.  765.  765.  765.  765.  765.  765.  765.  765.
 765.  765.  764.5 764.  764.  764.  764.  764.  764.  764.  764.  764.
 764.  764.  764.  764.  763.5 763.5 763.  763.  763.  763.  763.  763.
 763.  763.  763.  763.  763.  763.  763.  763.  763.  762.5 762.5 762.5
 762.5 762.5 762.  762.  762.  762.  762.  762.  762.  762.  762.  762.
 761.5 761.5 761.5 761.5 761.5 761.5 761.5 761.5 761.5 761.5 761.5 761.5
 761.5 761.5 761.5 761.5 761.5 761.5 761.5 761.  761.  761.  761.  761.
 761.  761.  761.  761.  761.  761.  761.  761.  760.5 760.5 760.5 760.
 760.  760.  760.  760.  760.  760.  760.  760.  760.  760.  760.  760.
 759.5 759.5 759.5 759.5 759.5 759.5 759.5 759.5 759.5 759.5 759.5 759.5
 759.  759.  759.  759.  759.  758.5 758.5 758.5 758.5 758.5 758.5 758.5
 758.5 758.5 758.  758.  758.  758.  758.  758.  758.  758.  758.  758.
 758.  758.  758.  757.5 757.5 757.5 757.5 757.5 757.5 757.5 757.5 757.5
 757.  757.  757.  757.  757.  757.  757.  757.  756.5 756.5 756.5 756.5
 756.5 756.5 756.5 756.5 756.5 756.5 756.5 756.5 756.5 756.  756.  756.
 756.  756.  756.  756.  756.  756.  756.  756.  756.  755.5 755.5 755.5]
[822.  822.  822.  822.  822.  817.  817.  800.5 797.  793.5 786.5 786.
 786.  786.  786.  786.  786.  783.  782.5 782.  782.  782.  782.  782.
 782.  782.  782.  781.5 781.5 781.  781.  781.  780.5 780.5 780.5 779.
 779.  779.  779.  779.  779.  779.  778.5 778.5 778.5 778.5 778.5 778.5
 778.5 778.5 778.5 778.5 778.  778.  777.  776.5 776.  775.5 775.5 775.5
 775.5 775.5 775.5 775.  775.  775.  775.  775.  775.  775.  774.5 774.
 774.  774.  774.  774.  774.  774.  774.  774.  774.  773.5 773.5 773.5
 773.5 773.  773.  773.  773.  773.  773.  773.  772.5 772.5 772.5 772.5
 772.5 772.  772.  772.  772.  771.  771.  770.5 770.5 770.5 770.5 770.5
 770.5 770.5 770.5 770.  770.  770.  770.  769.5 769.5 769.5 769.5 769.5
 769.5 769.5 769.5 769.5 769.5 769.5 769.5 769.5 769.5 769.  769.  769.
 769.  769.  769.  769.  769.  769.  768.5 768.  768.  768.  768.  768.
 768.  768.  768.  768.  768.  768.  768.  768.  768.  768.  768.  768.
 768.  768.  768.  768.  768.  768.  768.  768.  768.  767.5 767.  767.
 767.  767.  767.  767.  767.  767.  767.  767.  766.5 766.5 766.  766.
 766.  766.  766.  766.  766.  766.  765.5 765.5 765.5 765.5 765.5 765.5
 765.5 765.5 765.5 765.5 765.5 765.5 765.  765.  765.  765.  765.  765.
 765.  765.  765.  765.  765.  765.  765.  765.  765.  764.5 764.5 764.
 764.  764.  764.  764.  764.  764.  764.  764.  764.  764.  764.  764.
 763.5 763.5 763.5 763.5 763.  763.  763.  763.  763.  763.  763.  763.
 763.  763.  763.  763.  763.  763.  763.  762.5 762.5 762.5 762.5 762.5
 762.5 762.  762.  762.  762.  762.  762.  762.  762.  762.  762.  762.
 761.5 761.5 761.5 761.5 761.5 761.5 761.5 761.5 761.5 761.5 761.5 761.5
 761.5 761.5 761.5 761.5 761.5 761.5 761.5 761.5 761.  761.  761.  761.
 761.  761.  761.  761.  761.  761.  761.  761.  761.  760.5 760.5 760.5
 760.  760.  760.  760.  760.  760.  760.  760.  760.  760.  760.  760.
 760.  760.  759.5 759.5 759.5 759.5 759.5 759.5 759.5 759.5 759.5 759.5
 759.5 759.5 759.5 759.  759.  759.  759.  759.  759.  758.5 758.5 758.5
 758.5 758.5 758.5 758.5 758.5 758.5 758.5 758.  758.  758.  758.  758.
 758.  758.  758.  758.  758.  758.  758.  758.  758.  758.  758.  757.5]
