[709.  730.5 656.  734.  749.  311.  662.5 742.5 325.5 703.5 687.  656.5
 604.  649.5 722.5 645.  658.5 391.5 745.5 417.  683.  731.5 722.  748.
 681.5 267.5 765.5 730.5 746.  675.5 744.  716.  751.  675.5 477.5 644.
 771.5 714.  619.  721.  716.  726.5 527.  694.5 225.5 441.  683.  245.5
 584.5 468.5 727.  427.5 535.  706.5 734.  756.  745.  744.  705.5 568.5
 258.  708.  744.5 609.  701.5 743.  588.5 751.5 613.  738.  741.5 704.
 309.5 729.  702.  732.5 701.5 578.  486.  562.5 742.  379.  731.  744.
 630.  535.5 750.  742.5 651.  629.5 554.5 723.  742.5 761.5 663.5 738.5
 442.  677.5 546.5 747.  723.  765.  716.  744.  757.  747.  758.  756.
 554.  758.  754.5 732.  469.  621.  575.  744.  760.5 777.5 361.5 615.
 649.5 255.  328.5 767.5 772.  180.  191.  761.5 749.5 762.5 448.  680.
 206.5 740.5 473.  719.5 375.5 515.5 694.  608.5 712.  735.  715.  379.5
 431.  454.  621.  717.  486.5 667.5 341.  333.  556.5 320.  692.5 699.
 203.5 618.5 401.5 330.  719.5 726.5 761.5 625.5 395.5 568.  346.5 751.5
 714.5 722.5 741.5 721.  750.5 739.  741.  712.  719.5 712.5 723.  601.5
 709.5 490.  523.  581.  727.  488.5 711.5 667.5 641.  751.  455.5 734.5
 448.  743.  292.5 471.  570.  711.  743.  674.  691.  555.5 694.  650.
 500.  741.5 730.  411.5 583.5 359.5 721.5 649.5 614.5 703.5 707.  748.
 474.  472.  337.  560.5 668.5 690.  606.  616.  436.5 571.5 560.5 231.5
 347.  684.  670.5 592.  648.5 720.5 700.5 721.5 649.  465.  272.5 717.
 448.  697.  699.  718.5 530.5 612.5 735.  725.5 500.5 733.5 515.5 732.
 386.  668.5 756.  600.5 638.  751.5 524.  622.  674.  758.  403.5 589.5
 116.  633.5 279.5 301.5 752.  612.5 707.  402.5 704.5 724.5 729.5 217.5
 429.  530.  680.5 719.5 714.5 699.5 360.5 714.5 668.  714.  694.5 675.5
 323.5 731.5 751.5 443.5 711.5 637.5 706.5 733.5 415.5 480.  312.5 710.
 726.5 680.  690.5 448.  421.5 698.  579.  627.  601.5 725.5 687.  279.
 343.5 608.  620.5 688.5 649.  332.5 711.  736.  524.  600.5 717.5 719.
 735.  335.  740.  704.5 724.  633.  666.  602.5 672.5 666.  727.5 689.
 722.5 381.  734.5 738.5 664.  737.5 543.  293.  731.  474.  588.5 739.5
 584.5 733.  354.  704.5 183.5 335.  418.5 756.5 366.  611.  740.  719.
 584.5 754.  666.  654.5 737.5 766.5 632.  706.  735.  744.5 755.5 725.5
 766.  709.  693.5 772.5 756.  661.  688.5 760.5 433.  494.  748.  757.
 735.5 285.  491.5 337.5 676.  740.5 565.5 770.  775.  714.5 661.5 478.5
 760.  766.5 650.5 618. ]
[792.5 777.5 777.5 775.  772.5 772.  771.5 771.5 770.  769.5 767.5 767.
 766.5 766.5 766.  766.  765.5 765.  765.  765.  762.5 761.5 761.5 761.5
 760.5 760.5 760.5 760.5 760.  760.  758.  758.  758.  757.  757.  757.
 756.5 756.  756.  756.  756.  756.  755.5 754.5 754.  753.5 753.5 752.
 752.  752.  752.  751.5 751.5 751.5 751.5 751.5 751.5 751.5 751.5 751.
 751.  751.  751.  751.  750.5 750.  749.5 749.  749.  749.  748.5 748.
 748.  748.  748.  747.5 747.  747.  747.  746.  746.  745.5 745.5 745.
 744.5 744.5 744.  744.  744.  744.  744.  744.  743.5 743.  743.  743.
 743.  743.  742.5 742.5 742.5 742.5 742.5 742.5 742.  742.  741.5 741.5
 741.5 741.  741.  740.5 740.5 740.5 740.  740.  740.  739.5 739.5 739.
 739.  739.  739.  739.  738.5 738.5 738.  738.  738.  738.  737.5 737.5
 737.5 737.5 737.  736.5 736.  736.  735.5 735.5 735.  735.  735.  735.
 735.  735.  734.5 734.5 734.5 734.5 734.  734.  733.5 733.5 733.5 733.5
 733.5 733.  733.  732.5 732.5 732.5 732.  732.  731.5 731.5 731.  731.
 731.  731.  730.5 730.5 730.5 730.  730.  730.  730.  729.5 729.5 729.
 728.5 728.5 728.5 727.5 727.5 727.5 727.  727.  726.5 726.5 726.5 726.
 726.  725.5 725.5 725.5 725.5 725.5 725.5 724.5 724.5 724.5 724.  723.
 723.  723.  723.  723.  722.5 722.5 722.5 722.5 722.  722.  721.5 721.5
 721.5 721.  721.  721.  720.5 720.  720.  719.5 719.5 719.5 719.5 719.5
 719.5 719.  719.  719.  718.5 718.  718.  718.  717.5 717.5 717.  717.
 716.5 716.  716.  716.  716.  716.  716.  716.  715.5 715.  715.  714.5
 714.5 714.5 714.5 714.  714.  714.  714.  714.  713.  712.5 712.5 712.
 712.  712.  712.  711.5 711.5 711.  711.  711.  711.  711.  710.  710.
 709.5 709.  709.  709.  709.  708.5 708.5 708.  707.  707.  706.5 706.5
 706.5 706.  705.5 705.5 704.5 704.5 704.5 704.5 704.  703.5 703.5 703.5
 703.5 703.  702.5 702.  702.  702.  701.5 701.5 701.  700.5 700.5 700.5
 700.  699.5 699.  699.  699.  699.  699.  698.  697.5 697.  697.  696.
 695.5 694.5 694.5 694.5 694.5 694.  694.  694.  693.5 692.5 691.  691.
 690.5 690.  689.  689.  689.  688.5 688.5 687.  687.  686.5 684.5 684.
 683.  683.  683.  681.5 681.  680.5 680.5 680.  680.  678.  677.5 677.
 676.  675.5 675.5 675.5 674.  674.  674.  672.5 672.5 672.5 671.5 670.5
 668.5 668.5 668.  667.5 667.5 667.  666.  666.  666.  665.  664.  663.5
 662.5 661.5 661.  658.5 658.5 657.5 656.5 656.  654.5 654.  651.  650.5
 650.  649.5 649.5 649.5]
[792.5 777.5 777.5 777.5 777.5 777.  776.5 775.  774.  772.5 772.5 772.5
 772.  771.5 771.5 771.  770.  769.5 768.  768.  767.5 767.5 767.  766.5
 766.5 766.5 766.  766.  765.5 765.  765.  765.  765.  764.  762.5 762.
 761.5 761.5 761.5 761.5 761.5 760.5 760.5 760.5 760.5 760.  760.  758.
 758.  758.  758.  758.  757.5 757.  757.  757.  757.  757.  757.  757.
 757.  756.5 756.5 756.  756.  756.  756.  756.  756.  756.  756.  755.5
 755.5 755.  754.5 754.  753.5 753.5 752.5 752.  752.  752.  752.  752.
 752.  751.5 751.5 751.5 751.5 751.5 751.5 751.5 751.5 751.5 751.5 751.5
 751.5 751.  751.  751.  751.  751.  751.  750.5 750.5 750.5 750.5 750.5
 750.  750.  750.  749.5 749.5 749.5 749.5 749.5 749.  749.  749.  749.
 748.5 748.  748.  748.  748.  748.  748.  748.  747.5 747.5 747.  747.
 747.  746.  746.  746.  746.  745.5 745.5 745.5 745.  745.  745.  745.
 744.5 744.5 744.5 744.5 744.5 744.  744.  744.  744.  744.  744.  744.
 744.  743.5 743.5 743.  743.  743.  743.  743.  743.  743.  742.5 742.5
 742.5 742.5 742.5 742.5 742.5 742.5 742.5 742.5 742.5 742.5 742.  742.
 742.  742.  742.  742.  741.5 741.5 741.5 741.5 741.  741.  741.  741.
 740.5 740.5 740.5 740.5 740.5 740.5 740.5 740.  740.  740.  740.  739.5
 739.5 739.5 739.  739.  739.  739.  739.  739.  739.  739.  738.5 738.5
 738.5 738.5 738.  738.  738.  738.  738.  738.  737.5 737.5 737.5 737.5
 737.5 737.  737.  737.  736.5 736.  736.  736.  736.  736.  736.  735.5
 735.5 735.5 735.5 735.  735.  735.  735.  735.  735.  735.  735.  735.
 734.5 734.5 734.5 734.5 734.5 734.  734.  733.5 733.5 733.5 733.5 733.5
 733.5 733.5 733.5 733.5 733.  733.  733.  732.5 732.5 732.5 732.5 732.
 732.  732.  732.  732.  731.5 731.5 731.  731.  731.  731.  731.  731.
 731.  730.5 730.5 730.5 730.5 730.  730.  730.  730.  730.  730.  729.5
 729.5 729.  728.5 728.5 728.5 728.  728.  728.  727.5 727.5 727.5 727.5
 727.  727.  726.5 726.5 726.5 726.  726.  726.  725.5 725.5 725.5 725.5
 725.5 725.5 725.5 725.5 724.5 724.5 724.5 724.  724.  724.  723.  723.
 723.  723.  723.  722.5 722.5 722.5 722.5 722.  722.  722.  722.  722.
 721.5 721.5 721.5 721.  721.  721.  721.  720.5 720.5 720.  720.  719.5
 719.5 719.5 719.5 719.5 719.5 719.5 719.  719.  719.  719.  719.  719.
 719.  718.5 718.  718.  718.  717.5 717.5 717.5 717.  717.  716.5 716.
 716.  716.  716.  716.  716.  716.  716.  716.  715.5 715.5 715.  715.
 714.5 714.5 714.5 714.5]
[792.5 781.  778.5 777.5 777.5 777.5 777.5 777.5 777.5 777.  776.5 776.5
 775.  774.  772.5 772.5 772.5 772.5 772.  771.5 771.5 771.  770.  769.5
 768.5 768.5 768.  768.  768.  768.  767.5 767.5 767.5 767.  767.  767.
 766.5 766.5 766.5 766.5 766.5 766.  766.  766.  766.  765.5 765.5 765.
 765.  765.  765.  765.  764.  762.5 762.5 762.  761.5 761.5 761.5 761.5
 761.5 761.5 761.5 761.  761.  760.5 760.5 760.5 760.5 760.5 760.5 760.5
 760.5 760.  760.  758.  758.  758.  758.  758.  758.  758.  757.5 757.5
 757.  757.  757.  757.  757.  757.  757.  757.  757.  757.  757.  756.5
 756.5 756.5 756.  756.  756.  756.  756.  756.  756.  756.  756.  756.
 755.5 755.5 755.5 755.  755.  754.5 754.5 754.5 754.  754.  753.5 753.5
 753.  753.  752.5 752.5 752.  752.  752.  752.  752.  752.  752.  752.
 752.  752.  751.5 751.5 751.5 751.5 751.5 751.5 751.5 751.5 751.5 751.5
 751.5 751.5 751.5 751.5 751.  751.  751.  751.  751.  751.  751.  751.
 750.5 750.5 750.5 750.5 750.5 750.5 750.5 750.5 750.5 750.  750.  750.
 749.5 749.5 749.5 749.5 749.5 749.5 749.  749.  749.  749.  749.  749.
 748.5 748.5 748.  748.  748.  748.  748.  748.  748.  748.  747.5 747.5
 747.  747.  747.  747.  747.  747.  746.5 746.  746.  746.  746.  746.
 746.  745.5 745.5 745.5 745.5 745.5 745.  745.  745.  745.  745.  745.
 744.5 744.5 744.5 744.5 744.5 744.5 744.5 744.  744.  744.  744.  744.
 744.  744.  744.  744.  744.  743.5 743.5 743.5 743.  743.  743.  743.
 743.  743.  743.  743.  742.5 742.5 742.5 742.5 742.5 742.5 742.5 742.5
 742.5 742.5 742.5 742.5 742.  742.  742.  742.  742.  742.  742.  742.
 741.5 741.5 741.5 741.5 741.5 741.5 741.  741.  741.  741.  740.5 740.5
 740.5 740.5 740.5 740.5 740.5 740.5 740.  740.  740.  740.  740.  740.
 740.  740.  740.  740.  739.5 739.5 739.5 739.5 739.5 739.  739.  739.
 739.  739.  739.  739.  739.  739.  739.  738.5 738.5 738.5 738.5 738.5
 738.5 738.5 738.  738.  738.  738.  738.  738.  738.  738.  737.5 737.5
 737.5 737.5 737.5 737.  737.  737.  737.  736.5 736.5 736.5 736.  736.
 736.  736.  736.  736.  735.5 735.5 735.5 735.5 735.  735.  735.  735.
 735.  735.  735.  735.  735.  735.  735.  735.  735.  734.5 734.5 734.5
 734.5 734.5 734.5 734.  734.  733.5 733.5 733.5 733.5 733.5 733.5 733.5
 733.5 733.5 733.5 733.  733.  733.  733.  733.  733.  733.  732.5 732.5
 732.5 732.5 732.5 732.  732.  732.  732.  732.  732.  732.  732.  731.5
 731.5 731.5 731.5 731. ]
[801.  795.5 792.5 788.  781.  780.  778.5 777.5 777.5 777.5 777.5 777.5
 777.5 777.5 777.5 777.5 777.  776.5 776.5 775.5 775.  774.5 774.5 774.
 774.  773.  772.5 772.5 772.5 772.5 772.5 772.  771.5 771.5 771.  770.
 770.  769.5 769.5 769.  768.5 768.5 768.5 768.  768.  768.  768.  768.
 767.5 767.5 767.5 767.5 767.5 767.  767.  767.  767.  766.5 766.5 766.5
 766.5 766.5 766.5 766.  766.  766.  766.  766.  766.  766.  766.  765.5
 765.5 765.5 765.5 765.5 765.5 765.  765.  765.  765.  765.  765.  764.5
 764.  764.  763.5 763.5 763.  763.  762.5 762.5 762.5 762.  762.  761.5
 761.5 761.5 761.5 761.5 761.5 761.5 761.5 761.5 761.5 761.5 761.5 761.
 761.  761.  761.  761.  760.5 760.5 760.5 760.5 760.5 760.5 760.5 760.5
 760.5 760.5 760.5 760.5 760.5 760.  760.  759.  759.  758.5 758.5 758.
 758.  758.  758.  758.  758.  758.  758.  758.  758.  758.  758.  757.5
 757.5 757.5 757.  757.  757.  757.  757.  757.  757.  757.  757.  757.
 757.  757.  757.  757.  757.  756.5 756.5 756.5 756.5 756.  756.  756.
 756.  756.  756.  756.  756.  756.  756.  756.  756.  755.5 755.5 755.5
 755.5 755.5 755.  755.  755.  754.5 754.5 754.5 754.5 754.  754.  754.
 754.  753.5 753.5 753.  753.  752.5 752.5 752.5 752.  752.  752.  752.
 752.  752.  752.  752.  752.  752.  751.5 751.5 751.5 751.5 751.5 751.5
 751.5 751.5 751.5 751.5 751.5 751.5 751.5 751.5 751.5 751.5 751.5 751.5
 751.5 751.5 751.5 751.5 751.5 751.  751.  751.  751.  751.  751.  751.
 751.  751.  751.  751.  751.  750.5 750.5 750.5 750.5 750.5 750.5 750.5
 750.5 750.5 750.5 750.  750.  750.  750.  750.  749.5 749.5 749.5 749.5
 749.5 749.5 749.5 749.5 749.  749.  749.  749.  749.  749.  749.  749.
 748.5 748.5 748.5 748.5 748.5 748.  748.  748.  748.  748.  748.  748.
 748.  748.  748.  748.  748.  747.5 747.5 747.5 747.  747.  747.  747.
 747.  747.  747.  747.  747.  746.5 746.5 746.  746.  746.  746.  746.
 746.  746.  746.  746.  745.5 745.5 745.5 745.5 745.5 745.5 745.5 745.5
 745.  745.  745.  745.  745.  745.  744.5 744.5 744.5 744.5 744.5 744.5
 744.5 744.  744.  744.  744.  744.  744.  744.  744.  744.  744.  743.5
 743.5 743.5 743.5 743.5 743.  743.  743.  743.  743.  743.  743.  743.
 743.  743.  742.5 742.5 742.5 742.5 742.5 742.5 742.5 742.5 742.5 742.5
 742.5 742.5 742.5 742.  742.  742.  742.  742.  742.  742.  742.  742.
 742.  741.5 741.5 741.5 741.5 741.5 741.5 741.5 741.  741.  741.  741.
 741.  741.  741.  740.5]
[801.  795.5 792.5 790.  788.  786.  783.  781.  781.  780.  780.  778.5
 778.5 777.5 777.5 777.5 777.5 777.5 777.5 777.5 777.5 777.5 777.5 777.5
 777.5 777.5 777.5 777.5 777.  777.  777.  776.5 776.5 775.5 775.  775.
 774.5 774.5 774.5 774.  774.  773.  772.5 772.5 772.5 772.5 772.5 772.
 771.5 771.5 771.5 771.  770.5 770.5 770.  770.  770.  769.5 769.5 769.5
 769.5 769.  768.5 768.5 768.5 768.5 768.5 768.  768.  768.  768.  768.
 767.5 767.5 767.5 767.5 767.5 767.  767.  767.  767.  767.  767.  766.5
 766.5 766.5 766.5 766.5 766.5 766.5 766.5 766.  766.  766.  766.  766.
 766.  766.  766.  766.  766.  766.  766.  766.  766.  766.  766.  766.
 766.  765.5 765.5 765.5 765.5 765.5 765.5 765.5 765.5 765.5 765.  765.
 765.  765.  765.  765.  764.5 764.5 764.5 764.5 764.5 764.  764.  764.
 764.  763.5 763.5 763.  763.  763.  762.5 762.5 762.5 762.5 762.  762.
 762.  762.  761.5 761.5 761.5 761.5 761.5 761.5 761.5 761.5 761.5 761.5
 761.5 761.5 761.5 761.5 761.  761.  761.  761.  761.  761.  761.  760.5
 760.5 760.5 760.5 760.5 760.5 760.5 760.5 760.5 760.5 760.5 760.5 760.5
 760.5 760.5 760.5 760.5 760.5 760.  760.  760.  760.  759.  759.  759.
 759.  758.5 758.5 758.5 758.5 758.  758.  758.  758.  758.  758.  758.
 758.  758.  758.  758.  758.  758.  758.  758.  758.  757.5 757.5 757.5
 757.5 757.  757.  757.  757.  757.  757.  757.  757.  757.  757.  757.
 757.  757.  757.  757.  757.  757.  757.  757.  756.5 756.5 756.5 756.5
 756.5 756.  756.  756.  756.  756.  756.  756.  756.  756.  756.  756.
 756.  756.  756.  755.5 755.5 755.5 755.5 755.5 755.5 755.5 755.  755.
 755.  755.  755.  754.5 754.5 754.5 754.5 754.  754.  754.  754.  754.
 753.5 753.5 753.5 753.  753.  753.  753.  752.5 752.5 752.5 752.5 752.5
 752.5 752.  752.  752.  752.  752.  752.  752.  752.  752.  752.  752.
 752.  751.5 751.5 751.5 751.5 751.5 751.5 751.5 751.5 751.5 751.5 751.5
 751.5 751.5 751.5 751.5 751.5 751.5 751.5 751.5 751.5 751.5 751.5 751.5
 751.5 751.5 751.5 751.5 751.  751.  751.  751.  751.  751.  751.  751.
 751.  751.  751.  751.  751.  750.5 750.5 750.5 750.5 750.5 750.5 750.5
 750.5 750.5 750.5 750.5 750.  750.  750.  750.  750.  750.  750.  750.
 750.  750.  749.5 749.5 749.5 749.5 749.5 749.5 749.5 749.5 749.5 749.5
 749.  749.  749.  749.  749.  749.  749.  749.  748.5 748.5 748.5 748.5
 748.5 748.5 748.  748.  748.  748.  748.  748.  748.  748.  748.  748.
 748.  748.  748.  747.5]
[801.  795.5 792.5 790.  789.5 788.  786.  783.5 783.  781.  781.  780.
 780.  779.  778.5 778.5 778.5 777.5 777.5 777.5 777.5 777.5 777.5 777.5
 777.5 777.5 777.5 777.5 777.5 777.5 777.5 777.5 777.5 777.5 777.  777.
 777.  776.5 776.5 776.5 775.5 775.5 775.  775.  774.5 774.5 774.5 774.
 774.  774.  773.5 773.5 773.5 773.5 773.  773.  772.5 772.5 772.5 772.5
 772.5 772.5 772.5 772.  772.  771.5 771.5 771.5 771.  771.  771.  770.5
 770.5 770.5 770.  770.  770.  770.  769.5 769.5 769.5 769.5 769.5 769.5
 769.  768.5 768.5 768.5 768.5 768.5 768.5 768.5 768.  768.  768.  768.
 768.  767.5 767.5 767.5 767.5 767.5 767.5 767.5 767.  767.  767.  767.
 767.  767.  767.  767.  767.  767.  766.5 766.5 766.5 766.5 766.5 766.5
 766.5 766.5 766.5 766.  766.  766.  766.  766.  766.  766.  766.  766.
 766.  766.  766.  766.  766.  766.  766.  766.  766.  766.  766.  766.
 766.  765.5 765.5 765.5 765.5 765.5 765.5 765.5 765.5 765.5 765.5 765.5
 765.  765.  765.  765.  765.  765.  765.  765.  765.  765.  764.5 764.5
 764.5 764.5 764.5 764.5 764.  764.  764.  764.  764.  763.5 763.5 763.5
 763.5 763.  763.  763.  762.5 762.5 762.5 762.5 762.  762.  762.  762.
 761.5 761.5 761.5 761.5 761.5 761.5 761.5 761.5 761.5 761.5 761.5 761.5
 761.5 761.5 761.5 761.5 761.  761.  761.  761.  761.  761.  761.  761.
 760.5 760.5 760.5 760.5 760.5 760.5 760.5 760.5 760.5 760.5 760.5 760.5
 760.5 760.5 760.5 760.5 760.5 760.5 760.5 760.5 760.  760.  760.  760.
 759.5 759.  759.  759.  759.  759.  758.5 758.5 758.5 758.5 758.5 758.
 758.  758.  758.  758.  758.  758.  758.  758.  758.  758.  758.  758.
 758.  758.  758.  758.  758.  757.5 757.5 757.5 757.5 757.5 757.  757.
 757.  757.  757.  757.  757.  757.  757.  757.  757.  757.  757.  757.
 757.  757.  757.  757.  757.  756.5 756.5 756.5 756.5 756.5 756.5 756.5
 756.  756.  756.  756.  756.  756.  756.  756.  756.  756.  756.  756.
 756.  756.  756.  756.  755.5 755.5 755.5 755.5 755.5 755.5 755.5 755.5
 755.5 755.  755.  755.  755.  755.  754.5 754.5 754.5 754.5 754.  754.
 754.  754.  754.  754.  753.5 753.5 753.5 753.5 753.  753.  753.  753.
 752.5 752.5 752.5 752.5 752.5 752.5 752.5 752.5 752.  752.  752.  752.
 752.  752.  752.  752.  752.  752.  752.  752.  752.  751.5 751.5 751.5
 751.5 751.5 751.5 751.5 751.5 751.5 751.5 751.5 751.5 751.5 751.5 751.5
 751.5 751.5 751.5 751.5 751.5 751.5 751.5 751.5 751.5 751.5 751.5 751.5
 751.  751.  751.  751. ]
[801.  800.  795.5 795.5 792.5 791.5 790.  790.  790.  789.5 788.  788.
 786.  784.5 783.5 783.5 783.  783.  782.5 781.5 781.  781.  780.  780.
 779.  779.  778.5 778.5 778.5 778.5 778.5 778.5 778.5 778.  777.5 777.5
 777.5 777.5 777.5 777.5 777.5 777.5 777.5 777.5 777.5 777.5 777.5 777.5
 777.5 777.5 777.5 777.5 777.5 777.5 777.5 777.5 777.5 777.  777.  777.
 777.  777.  776.5 776.5 776.5 776.5 776.5 776.5 776.5 776.5 775.5 775.5
 775.5 775.5 775.5 775.  775.  775.  775.  774.5 774.5 774.5 774.5 774.5
 774.5 774.  774.  774.  774.  774.  773.5 773.5 773.5 773.5 773.5 773.5
 773.  773.  773.  772.5 772.5 772.5 772.5 772.5 772.5 772.5 772.5 772.5
 772.  772.  771.5 771.5 771.5 771.5 771.  771.  771.  770.5 770.5 770.5
 770.5 770.  770.  770.  770.  770.  770.  769.5 769.5 769.5 769.5 769.5
 769.5 769.5 769.  768.5 768.5 768.5 768.5 768.5 768.5 768.5 768.5 768.5
 768.5 768.  768.  768.  768.  768.  768.  768.  768.  767.5 767.5 767.5
 767.5 767.5 767.5 767.5 767.  767.  767.  767.  767.  767.  767.  767.
 767.  767.  767.  767.  767.  767.  767.  766.5 766.5 766.5 766.5 766.5
 766.5 766.5 766.5 766.5 766.5 766.5 766.5 766.  766.  766.  766.  766.
 766.  766.  766.  766.  766.  766.  766.  766.  766.  766.  766.  766.
 766.  766.  766.  766.  766.  766.  766.  766.  766.  766.  766.  765.5
 765.5 765.5 765.5 765.5 765.5 765.5 765.5 765.5 765.5 765.5 765.5 765.5
 765.  765.  765.  765.  765.  765.  765.  765.  765.  765.  765.  765.
 765.  765.  765.  764.5 764.5 764.5 764.5 764.5 764.5 764.5 764.5 764.
 764.  764.  764.  764.  763.5 763.5 763.5 763.5 763.5 763.5 763.5 763.5
 763.  763.  763.  763.  763.  763.  762.5 762.5 762.5 762.5 762.5 762.
 762.  762.  762.  762.  761.5 761.5 761.5 761.5 761.5 761.5 761.5 761.5
 761.5 761.5 761.5 761.5 761.5 761.5 761.5 761.5 761.  761.  761.  761.
 761.  761.  761.  761.  760.5 760.5 760.5 760.5 760.5 760.5 760.5 760.5
 760.5 760.5 760.5 760.5 760.5 760.5 760.5 760.5 760.5 760.5 760.5 760.5
 760.5 760.  760.  760.  760.  760.  759.5 759.  759.  759.  759.  759.
 758.5 758.5 758.5 758.5 758.5 758.5 758.5 758.  758.  758.  758.  758.
 758.  758.  758.  758.  758.  758.  758.  758.  758.  758.  758.  758.
 758.  758.  758.  758.  757.5 757.5 757.5 757.5 757.5 757.5 757.  757.
 757.  757.  757.  757.  757.  757.  757.  757.  757.  757.  757.  757.
 757.  757.  757.  757.  757.  757.  757.  756.5 756.5 756.5 756.5 756.5
 756.5 756.5 756.  756. ]
[801.  800.  800.  795.5 795.5 794.5 792.5 791.5 791.  790.  790.  790.
 790.  790.  789.5 788.  788.  788.  788.  786.  784.5 784.  783.5 783.5
 783.5 783.  783.  783.  783.  782.5 782.5 781.5 781.  781.  781.  781.
 780.  780.  780.  779.  779.  779.  778.5 778.5 778.5 778.5 778.5 778.5
 778.5 778.5 778.5 778.5 778.  777.5 777.5 777.5 777.5 777.5 777.5 777.5
 777.5 777.5 777.5 777.5 777.5 777.5 777.5 777.5 777.5 777.5 777.5 777.5
 777.5 777.5 777.5 777.5 777.5 777.5 777.5 777.5 777.5 777.5 777.5 777.5
 777.5 777.5 777.  777.  777.  777.  777.  776.5 776.5 776.5 776.5 776.5
 776.5 776.5 776.5 776.5 776.5 776.  776.  775.5 775.5 775.5 775.5 775.5
 775.5 775.  775.  775.  775.  775.  775.  774.5 774.5 774.5 774.5 774.5
 774.5 774.5 774.  774.  774.  774.  774.  774.  773.5 773.5 773.5 773.5
 773.5 773.5 773.5 773.5 773.5 773.  773.  773.  773.  772.5 772.5 772.5
 772.5 772.5 772.5 772.5 772.5 772.5 772.5 772.5 772.5 772.5 772.  772.
 772.  772.  771.5 771.5 771.5 771.5 771.5 771.5 771.  771.  771.  771.
 770.5 770.5 770.5 770.5 770.5 770.  770.  770.  770.  770.  770.  770.
 770.  769.5 769.5 769.5 769.5 769.5 769.5 769.5 769.  768.5 768.5 768.5
 768.5 768.5 768.5 768.5 768.5 768.5 768.5 768.5 768.5 768.5 768.5 768.
 768.  768.  768.  768.  768.  768.  768.  768.  767.5 767.5 767.5 767.5
 767.5 767.5 767.5 767.5 767.  767.  767.  767.  767.  767.  767.  767.
 767.  767.  767.  767.  767.  767.  767.  766.5 766.5 766.5 766.5 766.5
 766.5 766.5 766.5 766.5 766.5 766.5 766.5 766.5 766.5 766.  766.  766.
 766.  766.  766.  766.  766.  766.  766.  766.  766.  766.  766.  766.
 766.  766.  766.  766.  766.  766.  766.  766.  766.  766.  766.  766.
 766.  766.  765.5 765.5 765.5 765.5 765.5 765.5 765.5 765.5 765.5 765.5
 765.5 765.5 765.5 765.  765.  765.  765.  765.  765.  765.  765.  765.
 765.  765.  765.  765.  765.  765.  765.  765.  764.5 764.5 764.5 764.5
 764.5 764.5 764.5 764.5 764.  764.  764.  764.  764.  763.5 763.5 763.5
 763.5 763.5 763.5 763.5 763.5 763.5 763.5 763.  763.  763.  763.  763.
 763.  762.5 762.5 762.5 762.5 762.5 762.5 762.5 762.5 762.  762.  762.
 762.  762.  762.  761.5 761.5 761.5 761.5 761.5 761.5 761.5 761.5 761.5
 761.5 761.5 761.5 761.5 761.5 761.5 761.5 761.5 761.5 761.  761.  761.
 761.  761.  761.  761.  761.  761.  761.  760.5 760.5 760.5 760.5 760.5
 760.5 760.5 760.5 760.5 760.5 760.5 760.5 760.5 760.5 760.5 760.5 760.5
 760.5 760.5 760.5 760.5]
[801.  800.  800.  795.5 795.5 795.5 794.5 794.5 792.5 791.5 791.  790.
 790.  790.  790.  790.  790.  790.  790.  790.  790.  790.  789.5 788.
 788.  788.  788.  788.  788.  787.  787.  786.5 786.  784.5 784.  783.5
 783.5 783.5 783.5 783.5 783.  783.  783.  783.  783.  783.  783.  782.5
 782.5 782.5 781.5 781.  781.  781.  781.  780.5 780.5 780.  780.  780.
 780.  779.  779.  779.  779.  778.5 778.5 778.5 778.5 778.5 778.5 778.5
 778.5 778.5 778.5 778.5 778.5 778.5 778.  777.5 777.5 777.5 777.5 777.5
 777.5 777.5 777.5 777.5 777.5 777.5 777.5 777.5 777.5 777.5 777.5 777.5
 777.5 777.5 777.5 777.5 777.5 777.5 777.5 777.5 777.5 777.5 777.5 777.5
 777.5 777.5 777.5 777.5 777.5 777.5 777.  777.  777.  777.  777.  776.5
 776.5 776.5 776.5 776.5 776.5 776.5 776.5 776.5 776.5 776.5 776.5 776.5
 776.5 776.5 776.  776.  776.  776.  775.5 775.5 775.5 775.5 775.5 775.5
 775.5 775.5 775.5 775.  775.  775.  775.  775.  775.  774.5 774.5 774.5
 774.5 774.5 774.5 774.5 774.  774.  774.  774.  774.  774.  774.  774.
 773.5 773.5 773.5 773.5 773.5 773.5 773.5 773.5 773.5 773.5 773.5 773.5
 773.5 773.  773.  773.  773.  773.  773.  772.5 772.5 772.5 772.5 772.5
 772.5 772.5 772.5 772.5 772.5 772.5 772.5 772.5 772.5 772.5 772.  772.
 772.  772.  771.5 771.5 771.5 771.5 771.5 771.5 771.  771.  771.  771.
 771.  770.5 770.5 770.5 770.5 770.5 770.  770.  770.  770.  770.  770.
 770.  770.  770.  769.5 769.5 769.5 769.5 769.5 769.5 769.5 769.5 769.5
 769.  769.  768.5 768.5 768.5 768.5 768.5 768.5 768.5 768.5 768.5 768.5
 768.5 768.5 768.5 768.5 768.  768.  768.  768.  768.  768.  768.  768.
 768.  768.  768.  768.  767.5 767.5 767.5 767.5 767.5 767.5 767.5 767.5
 767.  767.  767.  767.  767.  767.  767.  767.  767.  767.  767.  767.
 767.  767.  767.  767.  766.5 766.5 766.5 766.5 766.5 766.5 766.5 766.5
 766.5 766.5 766.5 766.5 766.5 766.5 766.5 766.  766.  766.  766.  766.
 766.  766.  766.  766.  766.  766.  766.  766.  766.  766.  766.  766.
 766.  766.  766.  766.  766.  766.  766.  766.  766.  766.  766.  766.
 766.  765.5 765.5 765.5 765.5 765.5 765.5 765.5 765.5 765.5 765.5 765.5
 765.5 765.5 765.5 765.5 765.  765.  765.  765.  765.  765.  765.  765.
 765.  765.  765.  765.  765.  765.  765.  765.  765.  765.  764.5 764.5
 764.5 764.5 764.5 764.5 764.5 764.5 764.5 764.  764.  764.  764.  764.
 763.5 763.5 763.5 763.5 763.5 763.5 763.5 763.5 763.5 763.5 763.  763.
 763.  763.  763.  763. ]
[801.  800.  800.  800.  799.5 795.5 795.5 795.5 794.5 794.5 793.  792.5
 792.5 791.5 791.  791.  790.  790.  790.  790.  790.  790.  790.  790.
 790.  790.  790.  790.  790.  790.  790.  790.  789.5 789.  788.  788.
 788.  788.  788.  788.  788.  788.  788.  787.  787.  786.5 786.5 786.5
 786.  786.  784.5 784.  784.  783.5 783.5 783.5 783.5 783.5 783.5 783.
 783.  783.  783.  783.  783.  783.  783.  783.  783.  782.5 782.5 782.5
 782.5 781.5 781.  781.  781.  781.  781.  781.  781.  781.  780.5 780.5
 780.5 780.  780.  780.  780.  780.  780.  779.  779.  779.  779.  779.
 779.  779.  778.5 778.5 778.5 778.5 778.5 778.5 778.5 778.5 778.5 778.5
 778.5 778.5 778.5 778.5 778.5 778.5 778.5 778.  778.  777.5 777.5 777.5
 777.5 777.5 777.5 777.5 777.5 777.5 777.5 777.5 777.5 777.5 777.5 777.5
 777.5 777.5 777.5 777.5 777.5 777.5 777.5 777.5 777.5 777.5 777.5 777.5
 777.5 777.5 777.5 777.5 777.5 777.5 777.5 777.5 777.5 777.5 777.5 777.5
 777.5 777.5 777.5 777.5 777.5 777.  777.  777.  777.  777.  777.  777.
 776.5 776.5 776.5 776.5 776.5 776.5 776.5 776.5 776.5 776.5 776.5 776.5
 776.5 776.5 776.5 776.5 776.5 776.5 776.5 776.5 776.  776.  776.  776.
 775.5 775.5 775.5 775.5 775.5 775.5 775.5 775.5 775.5 775.5 775.5 775.5
 775.  775.  775.  775.  775.  775.  775.  774.5 774.5 774.5 774.5 774.5
 774.5 774.5 774.5 774.5 774.5 774.  774.  774.  774.  774.  774.  774.
 774.  774.  773.5 773.5 773.5 773.5 773.5 773.5 773.5 773.5 773.5 773.5
 773.5 773.5 773.5 773.5 773.5 773.5 773.  773.  773.  773.  773.  773.
 773.  773.  772.5 772.5 772.5 772.5 772.5 772.5 772.5 772.5 772.5 772.5
 772.5 772.5 772.5 772.5 772.5 772.5 772.5 772.5 772.5 772.  772.  772.
 772.  772.  771.5 771.5 771.5 771.5 771.5 771.5 771.5 771.5 771.  771.
 771.  771.  771.  771.  771.  770.5 770.5 770.5 770.5 770.5 770.  770.
 770.  770.  770.  770.  770.  770.  770.  770.  769.5 769.5 769.5 769.5
 769.5 769.5 769.5 769.5 769.5 769.5 769.  769.  768.5 768.5 768.5 768.5
 768.5 768.5 768.5 768.5 768.5 768.5 768.5 768.5 768.5 768.5 768.5 768.5
 768.5 768.5 768.  768.  768.  768.  768.  768.  768.  768.  768.  768.
 768.  768.  767.5 767.5 767.5 767.5 767.5 767.5 767.5 767.5 767.  767.
 767.  767.  767.  767.  767.  767.  767.  767.  767.  767.  767.  767.
 767.  767.  767.  767.  766.5 766.5 766.5 766.5 766.5 766.5 766.5 766.5
 766.5 766.5 766.5 766.5 766.5 766.5 766.5 766.5 766.  766.  766.  766.
 766.  766.  766.  766. ]
