[684.  718.  499.  657.  743.5 754.  793.  651.  503.5 507.  642.  682.5
 300.  643.  694.5 413.  595.  616.  664.5 696.5 619.  696.  694.  515.5
 719.5 667.5 313.5 208.5 689.  699.5 740.  735.  392.  217.  415.5 672.
 733.  642.5 552.5 697.5 702.5 421.  719.  582.  541.5 640.  722.  678.5
 487.5 417.5 418.  724.  604.5 617.  720.5 479.5 359.  498.  641.  377.
 227.  485.5 707.5 708.5 494.5 472.5 342.  732.5 700.5 265.  727.  710.5
 755.  688.5 765.5 690.5 680.5 689.  540.5 538.  558.  627.  690.5 682.5
 506.  708.5 474.  719.  369.5 361.  583.5 462.5 755.  316.  758.5 722.5
 765.5 740.  734.5 645.5 500.5 619.  638.  595.5 633.  724.5 718.  734.5
 475.  523.5 686.  661.5 397.5 570.  453.5 585.  696.5 702.5 544.5 492.5
 368.  467.  500.5 713.  593.  719.  352.5 759.5 707.5 253.5 611.  445.
 655.  480.  490.5 657.  521.  649.5 700.5 728.  649.5 451.  681.  398.
 720.5 696.  543.  644.5 700.5 420.5 549.5 626.  530.  715.  664.5 563.5
 649.5 298.  678.  539.  723.  634.5 768.  281.5 423.  544.5 637.  468.
 701.5 378.  385.5 534.5 451.5 679.  667.5 474.  427.5 548.5 674.  442.
 678.  163.  721.5 591.  689.  580.5 640.5 642.  521.5 670.  561.5 659.
 643.5 545.  452.  420.5 516.  672.  652.  387.5 651.5 426.5 694.  589.5
 413.5 753.  454.5 588.  270.  180.5 562.  303.  735.  249.5 442.5 692.
 607.  604.5 481.  648.  652.  333.  323.5 667.5 640.5 596.5 582.  695.
 662.  554.5 175.  664.  658.  540.  599.5 610.  727.5 488.  389.5 297.
 685.5 559.  411.  594.5 738.  413.  440.5 311.  429.  587.  508.  753.5
 513.5 696.5 526.  658.5 735.5 726.  306.5 673.5 171.5 438.5 488.5 640.
 695.5 737.5 592.  181.  711.5 722.  725.5 602.  611.  410.5 739.  507.
 504.5 751.5 723.5 560.5 705.  490.5 531.  212.5 659.  705.  581.5 483.5
 680.  704.5 529.5 493.5 632.5 606.5 444.5 499.  414.  465.5 490.5 730.5]
