[697.  708.5 659.  732.  730.  310.  654.5 709.5 347.5 675.5 679.  629.5
 612.  661.5 733.5 669.  651.5 413.5 746.5 405.  686.  737.5 754.  748.
 662.5 257.5 774.5 722.5 726.  669.5 748.  725.  772.  682.5 523.5 641.
 768.5 722.  586.  739.  748.  730.5 511.  664.5 256.5 452.  679.  263.5
 578.5 455.5 723.  409.5 513.  709.5 720.  737.  756.  741.  687.5 562.5
 244.  697.  755.5 654.  692.5 740.  598.5 757.5 597.  732.  725.5 721.
 298.5 717.  716.  728.5 688.5 576.  475.  546.5 728.  375.  735.  740.
 650.  540.5 719.  726.5 669.  661.5 574.5 737.  739.5 751.5 685.5 728.5
 461.  655.5 569.5 753.  697.  756.  716.  753.  764.  760.  755.  772.
 549.  750.  744.5 684.  476.  624.  604.  732.  744.5 765.5 382.5 619.
 637.5 283.  325.5 728.5 768.  173.  183.  728.5 727.5 742.5 452.  688.
 190.5 727.5 436.  719.5 362.5 500.5 711.  611.5 717.  744.  724.  412.5
 387.  463.  615.  713.  513.5 714.5 339.  309.  549.5 315.  715.5 704.
 177.5 638.5 426.5 318.  721.5 737.5 750.5 631.5 382.5 536.  355.5 742.5
 734.5 729.5 741.5 734.  748.5 728.  735.  707.  724.5 738.5 746.  624.5
 699.5 477.  525.  605.  734.  511.5 715.5 647.5 656.  764.  436.5 725.5
 449.  753.  288.5 457.  548.  729.  753.  674.  712.  578.5 696.  658.
 509.  718.5 726.  386.5 570.5 387.5 700.5 665.5 605.5 728.5 720.  739.
 460.  469.  306.  564.5 717.5 707.  582.  611.  407.5 583.5 561.5 211.5
 355.  670.  611.5 609.  592.5 706.5 686.5 753.5 629.  453.  299.5 732.
 457.  716.  722.  719.5 541.5 600.5 751.  734.5 509.5 741.5 516.5 756.
 383.  649.5 741.  595.5 648.  721.5 551.  620.  688.  760.  413.5 589.5
 107.  626.5 261.5 302.5 762.  569.5 699.  408.5 717.5 675.5 732.5 204.5
 447.  537.  653.5 720.5 736.5 707.5 378.5 690.5 694.  720.  705.5 677.5
 301.5 721.5 743.5 418.5 704.5 628.5 722.5 745.5 456.5 460.  293.5 715. ]
[801.  792.  775.  774.5 772.  772.  770.5 768.5 768.5 768.  768.  765.5
 765.5 765.5 765.5 764.  764.  764.  764.  763.5 762.  762.  760.5 760.
 760.  759.  759.  758.  758.  757.5 757.5 757.  756.  756.  756.  756.
 755.5 755.5 755.  754.  754.  754.  754.  753.5 753.5 753.5 753.  753.
 753.  753.  753.  753.  751.5 751.5 751.  750.5 750.  748.5 748.5 748.
 748.  748.  748.  748.  748.  747.  746.5 746.5 746.  746.  745.5 745.
 744.5 744.5 744.5 744.5 744.5 744.  744.  744.  743.5 743.5 743.5 743.
 743.  742.5 742.5 742.5 742.5 741.5 741.5 741.5 741.  741.  741.  741.
 740.  740.  740.  739.5 739.  739.  739.  738.5 738.5 737.5 737.5 737.
 737.  737.  737.  736.5 736.5 735.  735.  735.  735.  734.5 734.5 734.
 734.  734.  733.5 733.  732.5 732.  732.  732.  732.  732.  732.  732.
 731.  730.5 730.  729.5 729.5 729.5 729.5 729.  729.  729.  728.5 728.5
 728.5 728.5 728.5 728.5 728.  728.  728.  728.  727.5 727.5 727.5 727.5
 727.  726.5 726.5 726.5 726.  726.  726.  725.5 725.5 725.5 725.5 725.
 725.  724.5 724.5 724.5 724.  724.  724.  724.  723.  722.5 722.5 722.5
 722.5 722.  722.  722.  722.  722.  721.5 721.5 721.5 721.5 721.5 721.
 720.5 720.  720.  720.  720.  720.  720.  719.5 719.5 719.  718.5 717.5
 717.5 717.  717.  716.5 716.  716.  716.  716.  715.5 715.5 715.  715.
 714.5 714.5 714.  713.  712.5 712.  711.  709.5 709.5 709.5 709.5 709.
 708.5 707.5 707.  707.  706.5 706.5 705.5 705.5 704.5 704.5 704.  700.5
 699.5 699.  699.  698.  697.  697.  697.  696.  696.  694.  694.  692.5
 692.5 690.5 690.5 688.5 688.  688.  688.  688.  687.5 686.5 686.  685.5
 684.  682.5 680.5 680.  679.  679.  677.5 675.5 675.5 674.  674.  672.
 671.  670.  669.5 669.  669.  665.5 664.5 662.5 662.5 661.5 661.5 659.
 658.  656.  655.5 654.5 654.  653.5 651.5 650.  649.5 648.  647.5 645.5]
[804.5 801.  792.  775.  774.5 772.  772.  772.  770.5 768.5 768.5 768.5
 768.  768.  768.  765.5 765.5 765.5 765.5 765.5 765.5 765.5 765.5 765.5
 764.  764.  764.  764.  763.5 763.5 763.  762.  762.  762.  762.  760.5
 760.  760.  760.  760.  759.  759.  759.  758.  758.  757.5 757.5 757.
 757.  756.  756.  756.  756.  756.  755.5 755.5 755.  755.  754.  754.
 754.  754.  754.  753.5 753.5 753.5 753.5 753.5 753.5 753.  753.  753.
 753.  753.  753.  753.  753.  751.5 751.5 751.  751.  750.5 750.5 750.
 748.5 748.5 748.  748.  748.  748.  748.  748.  747.  747.  747.  747.
 746.5 746.5 746.5 746.  746.  746.  745.5 745.5 745.5 745.  744.5 744.5
 744.5 744.5 744.5 744.5 744.5 744.  744.  744.  744.  743.5 743.5 743.5
 743.5 743.  743.  743.  743.  742.5 742.5 742.5 742.5 742.5 742.5 741.5
 741.5 741.5 741.  741.  741.  741.  741.  740.5 740.  740.  740.  739.5
 739.  739.  739.  739.  738.5 738.5 738.5 738.5 738.  738.  738.  738.
 737.5 737.5 737.  737.  737.  737.  737.  736.5 736.5 736.5 736.5 736.
 735.5 735.  735.  735.  735.  735.  735.  735.  735.  734.5 734.5 734.5
 734.5 734.  734.  734.  734.  733.5 733.  733.  733.  733.  732.5 732.
 732.  732.  732.  732.  732.  732.  731.5 731.  731.  731.  730.5 730.5
 730.  730.  729.5 729.5 729.5 729.5 729.5 729.  729.  729.  729.  729.
 729.  729.  728.5 728.5 728.5 728.5 728.5 728.5 728.5 728.  728.  728.
 728.  728.  728.  727.5 727.5 727.5 727.5 727.  727.  726.5 726.5 726.5
 726.  726.  726.  726.  726.  725.5 725.5 725.5 725.5 725.5 725.  725.
 724.5 724.5 724.5 724.  724.  724.  724.  724.  723.5 723.  722.5 722.5
 722.5 722.5 722.  722.  722.  722.  722.  722.  722.  721.5 721.5 721.5
 721.5 721.5 721.5 721.5 721.5 721.  721.  720.5 720.5 720.  720.  720.
 720.  720.  720.  720.  720.  719.5 719.5 719.  719.  718.5 718.  718. ]
[811.  804.5 801.  792.  787.  786.5 783.  782.  775.  775.  774.5 774.5
 774.  774.  772.  772.  772.  772.  770.5 768.5 768.5 768.5 768.5 768.5
 768.  768.  768.  766.  766.  765.5 765.5 765.5 765.5 765.5 765.5 765.5
 765.5 765.5 765.5 765.5 765.  765.  765.  764.  764.  764.  764.  763.5
 763.5 763.5 763.  763.  762.  762.  762.  762.  762.  762.  762.  762.
 760.5 760.5 760.  760.  760.  760.  760.  759.  759.  759.  758.5 758.
 758.  757.5 757.5 757.5 757.5 757.  757.  757.  757.  757.  756.5 756.
 756.  756.  756.  756.  756.  756.  756.  756.  755.5 755.5 755.  755.
 755.  755.  755.  755.  754.5 754.  754.  754.  754.  754.  754.  754.
 753.5 753.5 753.5 753.5 753.5 753.5 753.5 753.  753.  753.  753.  753.
 753.  753.  753.  753.  753.  752.5 751.5 751.5 751.  751.  751.  750.5
 750.5 750.  749.5 749.  749.  748.5 748.5 748.5 748.  748.  748.  748.
 748.  748.  748.  748.  748.  747.  747.  747.  747.  747.  747.  746.5
 746.5 746.5 746.  746.  746.  746.  746.  745.5 745.5 745.5 745.5 745.
 745.  744.5 744.5 744.5 744.5 744.5 744.5 744.5 744.5 744.  744.  744.
 744.  744.  744.  744.  743.5 743.5 743.5 743.5 743.5 743.  743.  743.
 743.  743.  742.5 742.5 742.5 742.5 742.5 742.5 742.5 742.5 742.  741.5
 741.5 741.5 741.5 741.5 741.  741.  741.  741.  741.  741.  741.  741.
 740.5 740.  740.  740.  739.5 739.  739.  739.  739.  739.  739.  739.
 738.5 738.5 738.5 738.5 738.  738.  738.  738.  738.  737.5 737.5 737.5
 737.5 737.  737.  737.  737.  737.  736.5 736.5 736.5 736.5 736.5 736.5
 736.5 736.  736.  735.5 735.5 735.  735.  735.  735.  735.  735.  735.
 735.  735.  734.5 734.5 734.5 734.5 734.  734.  734.  734.  734.  734.
 733.5 733.5 733.  733.  733.  733.  733.  732.5 732.  732.  732.  732.
 732.  732.  732.  732.  731.5 731.5 731.  731.  731.  731.  730.5 730.5]
[811.  804.5 804.5 801.  801.  793.5 792.  787.  787.  787.  786.5 783.
 782.  782.  781.  780.  779.  777.  775.  775.  775.  775.  775.  774.5
 774.5 774.  774.  774.  774.  773.5 772.  772.  772.  772.  772.  770.5
 768.5 768.5 768.5 768.5 768.5 768.5 768.5 768.5 768.  768.  768.  768.
 767.  766.5 766.  766.  766.  765.5 765.5 765.5 765.5 765.5 765.5 765.5
 765.5 765.5 765.5 765.5 765.5 765.5 765.  765.  765.  765.  764.  764.
 764.  764.  764.  763.5 763.5 763.5 763.5 763.5 763.5 763.  763.  763.
 763.  762.5 762.5 762.  762.  762.  762.  762.  762.  762.  762.  762.
 761.  760.5 760.5 760.5 760.5 760.  760.  760.  760.  760.  760.  760.
 759.  759.  759.  759.  759.  759.  758.5 758.  758.  758.  757.5 757.5
 757.5 757.5 757.5 757.5 757.5 757.  757.  757.  757.  757.  757.  756.5
 756.5 756.  756.  756.  756.  756.  756.  756.  756.  756.  756.  755.5
 755.5 755.5 755.5 755.  755.  755.  755.  755.  755.  755.  755.  754.5
 754.5 754.  754.  754.  754.  754.  754.  754.  754.  754.  754.  754.
 753.5 753.5 753.5 753.5 753.5 753.5 753.5 753.  753.  753.  753.  753.
 753.  753.  753.  753.  753.  753.  753.  752.5 752.  751.5 751.5 751.5
 751.  751.  751.  750.5 750.5 750.5 750.5 750.  750.  749.5 749.  749.
 749.  748.5 748.5 748.5 748.5 748.  748.  748.  748.  748.  748.  748.
 748.  748.  748.  748.  748.  748.  748.  747.  747.  747.  747.  747.
 747.  747.  747.  746.5 746.5 746.5 746.  746.  746.  746.  746.  745.5
 745.5 745.5 745.5 745.5 745.5 745.  745.  744.5 744.5 744.5 744.5 744.5
 744.5 744.5 744.5 744.  744.  744.  744.  744.  744.  744.  744.  744.
 743.5 743.5 743.5 743.5 743.5 743.5 743.5 743.  743.  743.  743.  743.
 742.5 742.5 742.5 742.5 742.5 742.5 742.5 742.5 742.5 742.5 742.  741.5
 741.5 741.5 741.5 741.5 741.5 741.  741.  741.  741.  741.  741.  741. ]
[811.  804.5 804.5 801.  801.  801.  801.  793.5 792.  787.  787.  787.
 786.5 785.  783.  783.  782.  782.  782.  782.  781.  780.  779.  778.
 777.5 777.  775.  775.  775.  775.  775.  774.5 774.5 774.5 774.  774.
 774.  774.  774.  773.5 773.5 773.5 773.  773.  772.5 772.  772.  772.
 772.  772.  772.  772.  772.  770.5 770.  770.  769.  768.5 768.5 768.5
 768.5 768.5 768.5 768.5 768.5 768.5 768.  768.  768.  768.  767.  767.
 766.5 766.5 766.  766.  766.  766.  766.  766.  765.5 765.5 765.5 765.5
 765.5 765.5 765.5 765.5 765.5 765.5 765.5 765.5 765.5 765.5 765.5 765.
 765.  765.  765.  765.  765.  764.  764.  764.  764.  764.  764.  764.
 763.5 763.5 763.5 763.5 763.5 763.5 763.5 763.5 763.  763.  763.  763.
 763.  763.  762.5 762.5 762.5 762.  762.  762.  762.  762.  762.  762.
 762.  762.  762.  762.  762.  761.5 761.  761.  760.5 760.5 760.5 760.5
 760.5 760.5 760.  760.  760.  760.  760.  760.  760.  760.  760.  760.
 759.  759.  759.  759.  759.  759.  759.  758.5 758.  758.  758.  758.
 757.5 757.5 757.5 757.5 757.5 757.5 757.5 757.5 757.  757.  757.  757.
 757.  757.  757.  757.  756.5 756.5 756.  756.  756.  756.  756.  756.
 756.  756.  756.  756.  756.  756.  756.  755.5 755.5 755.5 755.5 755.
 755.  755.  755.  755.  755.  755.  755.  755.  755.  754.5 754.5 754.
 754.  754.  754.  754.  754.  754.  754.  754.  754.  754.  754.  754.
 754.  754.  753.5 753.5 753.5 753.5 753.5 753.5 753.5 753.5 753.  753.
 753.  753.  753.  753.  753.  753.  753.  753.  753.  753.  753.  753.
 752.5 752.  752.  752.  751.5 751.5 751.5 751.5 751.  751.  751.  750.5
 750.5 750.5 750.5 750.5 750.5 750.  750.  750.  750.  750.  749.5 749.5
 749.  749.  749.  748.5 748.5 748.5 748.5 748.5 748.  748.  748.  748.
 748.  748.  748.  748.  748.  748.  748.  748.  748.  748.  748.  747. ]
[811.  804.5 804.5 804.5 804.5 801.  801.  801.  801.  801.  801.  793.5
 792.  789.  789.  787.  787.  787.  787.  786.5 786.  786.  785.  783.
 783.  782.  782.  782.  782.  782.  782.  781.  780.  779.  778.  777.5
 777.5 777.  777.  777.  777.  776.  776.  775.  775.  775.  775.  775.
 775.  774.5 774.5 774.5 774.5 774.  774.  774.  774.  774.  774.  774.
 773.5 773.5 773.5 773.  773.  773.  773.  772.5 772.5 772.  772.  772.
 772.  772.  772.  772.  772.  772.  772.  772.  771.  770.5 770.5 770.
 770.  769.  769.  768.5 768.5 768.5 768.5 768.5 768.5 768.5 768.5 768.5
 768.  768.  768.  768.  768.  768.  768.  768.  767.  767.  766.5 766.5
 766.  766.  766.  766.  766.  766.  766.  766.  765.5 765.5 765.5 765.5
 765.5 765.5 765.5 765.5 765.5 765.5 765.5 765.5 765.5 765.5 765.5 765.5
 765.5 765.  765.  765.  765.  765.  765.  765.  765.  765.  764.  764.
 764.  764.  764.  764.  764.  764.  763.5 763.5 763.5 763.5 763.5 763.5
 763.5 763.5 763.5 763.  763.  763.  763.  763.  763.  763.  762.5 762.5
 762.5 762.5 762.5 762.  762.  762.  762.  762.  762.  762.  762.  762.
 762.  762.  762.  762.  762.  761.5 761.5 761.  761.  761.  761.  761.
 760.5 760.5 760.5 760.5 760.5 760.5 760.5 760.5 760.5 760.  760.  760.
 760.  760.  760.  760.  760.  760.  760.  760.  760.  759.5 759.  759.
 759.  759.  759.  759.  759.  759.  759.  758.5 758.5 758.  758.  758.
 758.  758.  758.  758.  757.5 757.5 757.5 757.5 757.5 757.5 757.5 757.5
 757.5 757.5 757.  757.  757.  757.  757.  757.  757.  757.  757.  757.
 756.5 756.5 756.5 756.5 756.  756.  756.  756.  756.  756.  756.  756.
 756.  756.  756.  756.  756.  756.  756.  755.5 755.5 755.5 755.5 755.
 755.  755.  755.  755.  755.  755.  755.  755.  755.  755.  754.5 754.5
 754.5 754.5 754.5 754.5 754.  754.  754.  754.  754.  754.  754.  754. ]
[811.  811.  804.5 804.5 804.5 804.5 801.  801.  801.  801.  801.  801.
 793.5 792.  792.  789.  789.  789.  787.  787.  787.  787.  786.5 786.5
 786.  786.  785.  783.  783.  783.  783.  782.  782.  782.  782.  782.
 782.  781.  780.  780.  779.  778.  777.5 777.5 777.  777.  777.  777.
 776.  776.  776.  775.  775.  775.  775.  775.  775.  775.  774.5 774.5
 774.5 774.5 774.  774.  774.  774.  774.  774.  774.  774.  773.5 773.5
 773.5 773.5 773.  773.  773.  773.  773.  772.5 772.5 772.  772.  772.
 772.  772.  772.  772.  772.  772.  772.  772.  772.  772.  772.  771.5
 771.5 771.  770.5 770.5 770.5 770.5 770.  770.  769.  769.  769.  769.
 768.5 768.5 768.5 768.5 768.5 768.5 768.5 768.5 768.5 768.5 768.5 768.
 768.  768.  768.  768.  768.  768.  768.  768.  767.  767.  767.  767.
 766.5 766.5 766.5 766.  766.  766.  766.  766.  766.  766.  766.  766.
 766.  766.  766.  765.5 765.5 765.5 765.5 765.5 765.5 765.5 765.5 765.5
 765.5 765.5 765.5 765.5 765.5 765.5 765.5 765.5 765.5 765.5 765.  765.
 765.  765.  765.  765.  765.  765.  765.  765.  765.  765.  765.  764.
 764.  764.  764.  764.  764.  764.  764.  764.  763.5 763.5 763.5 763.5
 763.5 763.5 763.5 763.5 763.5 763.5 763.  763.  763.  763.  763.  763.
 763.  762.5 762.5 762.5 762.5 762.5 762.  762.  762.  762.  762.  762.
 762.  762.  762.  762.  762.  762.  762.  762.  761.5 761.5 761.5 761.5
 761.  761.  761.  761.  761.  761.  760.5 760.5 760.5 760.5 760.5 760.5
 760.5 760.5 760.5 760.  760.  760.  760.  760.  760.  760.  760.  760.
 760.  760.  760.  760.  759.5 759.  759.  759.  759.  759.  759.  759.
 759.  759.  759.  758.5 758.5 758.  758.  758.  758.  758.  758.  758.
 758.  758.  757.5 757.5 757.5 757.5 757.5 757.5 757.5 757.5 757.5 757.5
 757.  757.  757.  757.  757.  757.  757.  757.  757.  757.  757.  756.5]
[815.  811.  811.  804.5 804.5 804.5 804.5 804.5 804.5 804.5 804.5 803.
 801.  801.  801.  801.  801.  801.  801.  793.5 792.  792.  789.  789.
 789.  789.  787.  787.  787.  787.  786.5 786.5 786.5 786.5 786.5 786.
 786.  785.  783.  783.  783.  783.  783.  783.  782.  782.  782.  782.
 782.  782.  782.  782.  781.  780.  780.  779.  778.  778.  777.5 777.5
 777.5 777.  777.  777.  777.  777.  776.  776.  776.  776.  775.5 775.
 775.  775.  775.  775.  775.  775.  775.  775.  775.  775.  774.5 774.5
 774.5 774.5 774.5 774.  774.  774.  774.  774.  774.  774.  774.  773.5
 773.5 773.5 773.5 773.5 773.5 773.5 773.5 773.5 773.  773.  773.  773.
 773.  773.  773.  773.  772.5 772.5 772.5 772.5 772.5 772.  772.  772.
 772.  772.  772.  772.  772.  772.  772.  772.  772.  772.  772.  772.
 772.  772.  771.5 771.5 771.5 771.  770.5 770.5 770.5 770.5 770.  770.
 769.5 769.  769.  769.  769.  769.  768.5 768.5 768.5 768.5 768.5 768.5
 768.5 768.5 768.5 768.5 768.5 768.5 768.  768.  768.  768.  768.  768.
 768.  768.  768.  768.  768.  768.  767.  767.  767.  767.  767.  766.5
 766.5 766.5 766.  766.  766.  766.  766.  766.  766.  766.  766.  766.
 766.  766.  766.  766.  765.5 765.5 765.5 765.5 765.5 765.5 765.5 765.5
 765.5 765.5 765.5 765.5 765.5 765.5 765.5 765.5 765.5 765.5 765.5 765.5
 765.5 765.  765.  765.  765.  765.  765.  765.  765.  765.  765.  765.
 765.  765.  765.  765.  765.  765.  764.  764.  764.  764.  764.  764.
 764.  764.  764.  764.  763.5 763.5 763.5 763.5 763.5 763.5 763.5 763.5
 763.5 763.5 763.5 763.  763.  763.  763.  763.  763.  763.  763.  762.5
 762.5 762.5 762.5 762.5 762.5 762.  762.  762.  762.  762.  762.  762.
 762.  762.  762.  762.  762.  762.  762.  762.  762.  762.  761.5 761.5
 761.5 761.5 761.  761.  761.  761.  761.  761.  761.  761.  761.  761. ]
[815.  811.  811.  811.  811.  804.5 804.5 804.5 804.5 804.5 804.5 804.5
 804.5 804.5 804.5 803.  803.  801.  801.  801.  801.  801.  801.  801.
 801.  800.  799.  793.5 792.  792.  792.  789.  789.  789.  789.  789.
 789.  789.  789.  787.  787.  787.  787.  786.5 786.5 786.5 786.5 786.5
 786.5 786.  786.  786.  785.  783.  783.  783.  783.  783.  783.  783.
 783.  782.  782.  782.  782.  782.  782.  782.  782.  782.  782.  782.
 781.  780.  780.  779.  778.  778.  777.5 777.5 777.5 777.  777.  777.
 777.  777.  777.  777.  776.5 776.  776.  776.  776.  776.  776.  775.5
 775.  775.  775.  775.  775.  775.  775.  775.  775.  775.  775.  775.
 775.  775.  774.5 774.5 774.5 774.5 774.5 774.5 774.5 774.  774.  774.
 774.  774.  774.  774.  774.  774.  774.  773.5 773.5 773.5 773.5 773.5
 773.5 773.5 773.5 773.5 773.5 773.5 773.5 773.  773.  773.  773.  773.
 773.  773.  773.  773.  773.  772.5 772.5 772.5 772.5 772.5 772.5 772.5
 772.5 772.  772.  772.  772.  772.  772.  772.  772.  772.  772.  772.
 772.  772.  772.  772.  772.  772.  772.  771.5 771.5 771.5 771.  770.5
 770.5 770.5 770.5 770.  770.  770.  770.  769.5 769.  769.  769.  769.
 769.  769.  768.5 768.5 768.5 768.5 768.5 768.5 768.5 768.5 768.5 768.5
 768.5 768.5 768.5 768.  768.  768.  768.  768.  768.  768.  768.  768.
 768.  768.  768.  767.5 767.  767.  767.  767.  767.  766.5 766.5 766.5
 766.  766.  766.  766.  766.  766.  766.  766.  766.  766.  766.  766.
 766.  766.  766.  765.5 765.5 765.5 765.5 765.5 765.5 765.5 765.5 765.5
 765.5 765.5 765.5 765.5 765.5 765.5 765.5 765.5 765.5 765.5 765.5 765.5
 765.  765.  765.  765.  765.  765.  765.  765.  765.  765.  765.  765.
 765.  765.  765.  765.  765.  765.  765.  764.  764.  764.  764.  764.
 764.  764.  764.  764.  764.  764.  763.5 763.5 763.5 763.5 763.5 763.5]
[815.  811.  811.  811.  811.  811.  811.  811.  809.  808.  804.5 804.5
 804.5 804.5 804.5 804.5 804.5 804.5 804.5 804.5 804.5 804.5 804.5 803.
 803.  801.  801.  801.  801.  801.  801.  801.  801.  801.  801.  800.
 799.  799.  793.5 792.  792.  792.  792.  792.  792.  791.  789.  789.
 789.  789.  789.  789.  789.  789.  789.  789.  787.  787.  787.  787.
 787.  786.5 786.5 786.5 786.5 786.5 786.5 786.5 786.  786.  786.  786.
 785.  785.  784.  783.5 783.  783.  783.  783.  783.  783.  783.  783.
 783.  783.  783.  782.  782.  782.  782.  782.  782.  782.  782.  782.
 782.  782.  782.  782.  782.  781.  781.  780.  780.  780.  779.  778.
 778.  777.5 777.5 777.5 777.5 777.5 777.  777.  777.  777.  777.  777.
 777.  777.  777.  776.5 776.  776.  776.  776.  776.  776.  776.  776.
 775.5 775.  775.  775.  775.  775.  775.  775.  775.  775.  775.  775.
 775.  775.  775.  775.  775.  775.  774.5 774.5 774.5 774.5 774.5 774.5
 774.5 774.5 774.  774.  774.  774.  774.  774.  774.  774.  774.  774.
 774.  774.  774.  773.5 773.5 773.5 773.5 773.5 773.5 773.5 773.5 773.5
 773.5 773.5 773.5 773.5 773.  773.  773.  773.  773.  773.  773.  773.
 773.  773.  772.5 772.5 772.5 772.5 772.5 772.5 772.5 772.5 772.  772.
 772.  772.  772.  772.  772.  772.  772.  772.  772.  772.  772.  772.
 772.  772.  772.  772.  772.  771.5 771.5 771.5 771.  770.5 770.5 770.5
 770.5 770.  770.  770.  770.  769.5 769.  769.  769.  769.  769.  769.
 769.  768.5 768.5 768.5 768.5 768.5 768.5 768.5 768.5 768.5 768.5 768.5
 768.5 768.5 768.5 768.5 768.  768.  768.  768.  768.  768.  768.  768.
 768.  768.  768.  768.  768.  767.5 767.5 767.  767.  767.  767.  767.
 767.  767.  766.5 766.5 766.5 766.  766.  766.  766.  766.  766.  766.
 766.  766.  766.  766.  766.  766.  766.  766.  765.5 765.5 765.5 765.5]
[815.  815.  811.  811.  811.  811.  811.  811.  811.  811.  811.  809.
 808.  808.  804.5 804.5 804.5 804.5 804.5 804.5 804.5 804.5 804.5 804.5
 804.5 804.5 804.5 804.5 804.5 804.5 803.  803.  803.  801.  801.  801.
 801.  801.  801.  801.  801.  801.  801.  801.  801.  801.  800.  800.
 799.5 799.  799.  793.5 792.  792.  792.  792.  792.  792.  792.  791.
 790.  789.5 789.  789.  789.  789.  789.  789.  789.  789.  789.  789.
 789.  789.  789.  787.  787.  787.  787.  787.  787.  787.  787.  786.5
 786.5 786.5 786.5 786.5 786.5 786.5 786.5 786.5 786.  786.  786.  786.
 785.  785.  784.  784.  783.5 783.  783.  783.  783.  783.  783.  783.
 783.  783.  783.  783.  783.  783.  783.  783.  782.  782.  782.  782.
 782.  782.  782.  782.  782.  782.  782.  782.  782.  782.  781.5 781.
 781.  781.  780.  780.  780.  780.  780.  779.  778.  778.  778.  777.5
 777.5 777.5 777.5 777.5 777.5 777.5 777.  777.  777.  777.  777.  777.
 777.  777.  777.  777.  776.5 776.5 776.5 776.  776.  776.  776.  776.
 776.  776.  776.  776.  776.  775.5 775.  775.  775.  775.  775.  775.
 775.  775.  775.  775.  775.  775.  775.  775.  775.  775.  775.  775.
 775.  775.  774.5 774.5 774.5 774.5 774.5 774.5 774.5 774.5 774.  774.
 774.  774.  774.  774.  774.  774.  774.  774.  774.  774.  774.  774.
 773.5 773.5 773.5 773.5 773.5 773.5 773.5 773.5 773.5 773.5 773.5 773.5
 773.5 773.  773.  773.  773.  773.  773.  773.  773.  773.  773.  773.
 772.5 772.5 772.5 772.5 772.5 772.5 772.5 772.5 772.  772.  772.  772.
 772.  772.  772.  772.  772.  772.  772.  772.  772.  772.  772.  772.
 772.  772.  772.  772.  772.  772.  772.  771.5 771.5 771.5 771.  771.
 771.  770.5 770.5 770.5 770.5 770.  770.  770.  770.  770.  769.5 769.
 769.  769.  769.  769.  769.  769.  769.  769.  768.5 768.5 768.5 768.5]
[815.  815.  815.  811.  811.  811.  811.  811.  811.  811.  811.  811.
 811.  811.  811.  811.  811.  809.  808.  808.  805.5 804.5 804.5 804.5
 804.5 804.5 804.5 804.5 804.5 804.5 804.5 804.5 804.5 804.5 804.5 804.5
 804.5 804.5 804.5 804.5 804.5 804.5 804.5 803.  803.  803.  803.  801.
 801.  801.  801.  801.  801.  801.  801.  801.  801.  801.  801.  801.
 801.  801.  801.  800.  800.  799.5 799.  799.  793.5 792.  792.  792.
 792.  792.  792.  792.  792.  792.  791.  790.  789.5 789.  789.  789.
 789.  789.  789.  789.  789.  789.  789.  789.  789.  789.  789.  789.
 789.  789.  789.  789.  789.  787.  787.  787.  787.  787.  787.  787.
 787.  787.  787.  787.  786.5 786.5 786.5 786.5 786.5 786.5 786.5 786.5
 786.5 786.5 786.  786.  786.  786.  786.  786.  785.  785.  785.  784.
 784.  783.5 783.  783.  783.  783.  783.  783.  783.  783.  783.  783.
 783.  783.  783.  783.  783.  783.  783.  783.  783.  782.5 782.  782.
 782.  782.  782.  782.  782.  782.  782.  782.  782.  782.  782.  782.
 782.  782.  781.5 781.  781.  781.  780.  780.  780.  780.  780.  779.
 778.  778.  778.  777.5 777.5 777.5 777.5 777.5 777.5 777.5 777.  777.
 777.  777.  777.  777.  777.  777.  777.  777.  777.  777.  776.5 776.5
 776.5 776.5 776.  776.  776.  776.  776.  776.  776.  776.  776.  776.
 776.  775.5 775.  775.  775.  775.  775.  775.  775.  775.  775.  775.
 775.  775.  775.  775.  775.  775.  775.  775.  775.  775.  775.  775.
 774.5 774.5 774.5 774.5 774.5 774.5 774.5 774.5 774.  774.  774.  774.
 774.  774.  774.  774.  774.  774.  774.  774.  774.  774.  773.5 773.5
 773.5 773.5 773.5 773.5 773.5 773.5 773.5 773.5 773.5 773.5 773.5 773.5
 773.  773.  773.  773.  773.  773.  773.  773.  773.  773.  773.  772.5
 772.5 772.5 772.5 772.5 772.5 772.5 772.5 772.  772.  772.  772.  772. ]
[815.  815.  815.  815.  815.  811.  811.  811.  811.  811.  811.  811.
 811.  811.  811.  811.  811.  811.  811.  811.  811.  811.  811.  811.
 811.  809.  808.  808.  805.5 804.5 804.5 804.5 804.5 804.5 804.5 804.5
 804.5 804.5 804.5 804.5 804.5 804.5 804.5 804.5 804.5 804.5 804.5 804.5
 804.5 804.5 804.5 804.5 804.5 804.5 804.5 804.5 804.5 803.  803.  803.
 803.  803.  803.  803.  801.  801.  801.  801.  801.  801.  801.  801.
 801.  801.  801.  801.  801.  801.  801.  801.  801.  801.  801.  801.
 801.  801.  800.  800.  799.5 799.  799.  795.5 793.5 793.  792.  792.
 792.  792.  792.  792.  792.  792.  792.  792.  791.  790.  789.5 789.
 789.  789.  789.  789.  789.  789.  789.  789.  789.  789.  789.  789.
 789.  789.  789.  789.  789.  789.  789.  789.  789.  789.  789.  787.
 787.  787.  787.  787.  787.  787.  787.  787.  787.  787.  787.  786.5
 786.5 786.5 786.5 786.5 786.5 786.5 786.5 786.5 786.5 786.5 786.  786.
 786.  786.  786.  786.  786.  786.  786.  785.  785.  785.  785.  784.
 784.  784.  783.5 783.5 783.  783.  783.  783.  783.  783.  783.  783.
 783.  783.  783.  783.  783.  783.  783.  783.  783.  783.  783.  783.
 782.5 782.5 782.  782.  782.  782.  782.  782.  782.  782.  782.  782.
 782.  782.  782.  782.  782.  782.  782.  782.  781.5 781.  781.  781.
 780.  780.  780.  780.  780.  779.5 779.  778.  778.  778.  777.5 777.5
 777.5 777.5 777.5 777.5 777.5 777.5 777.  777.  777.  777.  777.  777.
 777.  777.  777.  777.  777.  777.  777.  776.5 776.5 776.5 776.5 776.5
 776.  776.  776.  776.  776.  776.  776.  776.  776.  776.  776.  775.5
 775.  775.  775.  775.  775.  775.  775.  775.  775.  775.  775.  775.
 775.  775.  775.  775.  775.  775.  775.  775.  775.  775.  774.5 774.5
 774.5 774.5 774.5 774.5 774.5 774.5 774.  774.  774.  774.  774.  774. ]
[815.  815.  815.  815.  815.  815.  815.  815.  811.  811.  811.  811.
 811.  811.  811.  811.  811.  811.  811.  811.  811.  811.  811.  811.
 811.  811.  811.  811.  811.  811.  811.  809.  808.  808.  808.  808.
 805.5 804.5 804.5 804.5 804.5 804.5 804.5 804.5 804.5 804.5 804.5 804.5
 804.5 804.5 804.5 804.5 804.5 804.5 804.5 804.5 804.5 804.5 804.5 804.5
 804.5 804.5 804.5 804.5 804.5 804.5 804.5 803.  803.  803.  803.  803.
 803.  803.  803.  801.  801.  801.  801.  801.  801.  801.  801.  801.
 801.  801.  801.  801.  801.  801.  801.  801.  801.  801.  801.  801.
 801.  801.  801.  801.  801.  801.  801.  801.  800.  800.  799.5 799.
 799.  795.5 794.  793.5 793.  792.  792.  792.  792.  792.  792.  792.
 792.  792.  792.  791.  790.  789.5 789.  789.  789.  789.  789.  789.
 789.  789.  789.  789.  789.  789.  789.  789.  789.  789.  789.  789.
 789.  789.  789.  789.  789.  789.  789.  789.  789.  787.  787.  787.
 787.  787.  787.  787.  787.  787.  787.  787.  787.  787.  786.5 786.5
 786.5 786.5 786.5 786.5 786.5 786.5 786.5 786.5 786.5 786.5 786.5 786.
 786.  786.  786.  786.  786.  786.  786.  786.  786.  785.5 785.5 785.
 785.  785.  785.  784.  784.  784.  783.5 783.5 783.5 783.  783.  783.
 783.  783.  783.  783.  783.  783.  783.  783.  783.  783.  783.  783.
 783.  783.  783.  783.  783.  783.  782.5 782.5 782.5 782.  782.  782.
 782.  782.  782.  782.  782.  782.  782.  782.  782.  782.  782.  782.
 782.  782.  782.  782.  782.  781.5 781.  781.  781.  780.  780.  780.
 780.  780.  779.5 779.  778.  778.  778.  778.  777.5 777.5 777.5 777.5
 777.5 777.5 777.5 777.5 777.  777.  777.  777.  777.  777.  777.  777.
 777.  777.  777.  777.  777.  777.  777.  776.5 776.5 776.5 776.5 776.5
 776.  776.  776.  776.  776.  776.  776.  776.  776.  776.  776.  776. ]
