[675.  708.  512.  644.  767.5 747.  793.  634.  509.5 525.  616.  658.5
 290.  658.  648.5 442.  591.  635.  681.5 720.5 637.  685.  669.  493.5
 721.5 666.5 298.5 208.5 718.  701.5 756.  736.  371.  256.  402.5 681.
 758.  683.5 544.5 671.5 689.5 422.  738.  604.  549.5 638.  713.  690.5
 522.5 428.5 403.  718.  599.5 589.  707.5 463.5 356.  508.  659.  348.
 223.  481.5 698.5 682.5 501.5 491.5 332.  759.5 700.5 256.  716.  723.5
 752.  730.5 757.5 715.5 681.5 681.  528.5 551.  564.  632.  693.5 692.5
 493.  705.5 492.  727.  377.5 362.  601.5 424.5 762.  315.  746.5 723.5
 744.5 751.  736.5 621.5 481.5 621.  644.  584.5 614.  715.5 679.  756.5
 451.  510.5 699.  693.5 390.5 533.  466.5 593.  697.5 707.5 531.5 512.5
 397.  476.  487.5 721.  617.  724.  387.5 727.5 676.5 240.5 631.  440.
 653.  476.  504.5 680.  494.  664.5 702.5 745.  668.5 490.  708.  385.
 716.5 685.  553.  661.5 669.5 460.5 549.5 628.  533.  710.  692.5 605.5
 631.5 285.  665.  529.  721.  639.5 743.  282.5 399.  542.5 645.  451.
 715.5 421.  361.5 491.5 462.5 711.  675.5 470.  417.5 572.5 711.  452.
 649.  163.  715.5 577.  685.  589.5 613.5 671.  507.5 637.  583.5 644.
 633.5 545.  483.  446.5 515.  666.  633.  379.5 631.5 393.5 693.  578.5
 412.5 751.  466.5 598.  274.  178.5 582.  293.  722.  246.5 434.5 677.
 604.  576.5 465.  664.  645.  338.  325.5 672.5 673.5 597.5 548.  664.
 659.  546.5 194.  650.  650.  534.  605.5 616.  720.5 467.  407.5 293.
 709.5 521.  379.  639.5 725.  407.  434.5 295.  413.  597.  505.  740.5
 511.5 707.5 530.  680.5 716.5 742.  345.5 676.5]
