[669.  723.5 670.  740.  732.  310.  642.5 730.5 351.5 688.5 670.  647.5
 591.  682.5 722.5 674.  632.5 411.5 738.5 414.  701.  745.5 760.  747.
 672.5 254.5 774.5 717.5 725.  679.5 738.  710.  744.  697.5 503.5 615.
 762.5 711.  579.  741.  740.  721.5 515.  699.5 233.5 445.  657.  261.5
 606.5 446.5 732.  442.5 519.  697.5 743.  762.  737.  729.  702.5 597.5]
[774.5 774.5 762.5 762.5 762.  760.  748.5 747.  745.5 744.  743.  741.
 741.  740.  740.  740.  739.5 738.5 738.  737.  733.  732.  732.  732.
 730.5 730.5 729.  729.  728.  728.  727.  725.  725.  723.5 722.5 721.5
 717.5 715.5 711.  710.  710.  707.  702.5 701.  699.5 699.5 699.  697.5
 697.5 696.  688.5 685.  682.5 679.5 674.  674.  672.5 670.  670.  669. ]
[774.5 774.5 770.  762.5 762.5 762.5 762.5 762.  762.  760.  759.5 753.
 748.5 748.5 747.  746.  745.5 745.5 744.  743.  742.5 741.  741.  741.
 741.  740.  740.  740.  740.  739.5 738.5 738.5 738.  737.  736.  733.
 732.  732.  732.  732.  730.5 730.5 730.5 729.5 729.  729.  728.  728.
 727.  727.  725.  725.  723.5 722.5 721.5 717.5 715.5 711.  710.  710. ]
[787.  780.  779.5 777.  777.  774.5 774.5 774.5 773.5 773.  773.  770.
 765.5 765.  762.5 762.5 762.5 762.5 762.5 762.5 762.5 762.  762.  760.
 760.  759.5 757.  755.  753.  748.5 748.5 748.5 748.5 747.  746.  745.5
 745.5 744.  743.  743.  742.5 741.  741.  741.  741.  741.  740.  740.
 740.  740.  740.  739.5 739.5 738.5 738.5 738.  737.  736.  733.  732. ]
[787.  782.5 780.  779.5 779.  777.  777.  777.  777.  774.5 774.5 774.5
 774.  773.5 773.  773.  770.  769.  768.  767.  765.5 765.  765.  762.5
 762.5 762.5 762.5 762.5 762.5 762.5 762.5 762.5 762.  762.  762.  761.
 760.5 760.5 760.  760.  759.5 757.  757.  755.  755.  755.  753.  751.5
 748.5 748.5 748.5 748.5 747.  746.  746.  745.5 745.5 745.  745.  744. ]
[787.  787.  787.  782.5 781.5 780.5 780.  780.  780.  779.5 779.5 779.
 777.  777.  777.  777.  777.  775.5 774.5 774.5 774.5 774.5 774.  773.5
 773.  773.  770.  769.  768.  767.  766.  765.5 765.  765.  765.  762.5
 762.5 762.5 762.5 762.5 762.5 762.5 762.5 762.5 762.  762.  762.  761.
 760.5 760.5 760.  760.  759.5 758.  757.  757.  756.  755.  755.  755. ]
[788.  787.  787.  787.  782.5 781.5 780.5 780.  780.  780.  779.5 779.5
 779.5 779.  777.  777.  777.  777.  777.  777.  775.5 774.5 774.5 774.5
 774.5 774.  773.5 773.  773.  772.  771.  770.  769.  768.  768.  767.
 767.  766.5 766.  765.5 765.  765.  765.  762.5 762.5 762.5 762.5 762.5
 762.5 762.5 762.5 762.5 762.  762.  762.  762.  761.  760.5 760.5 760. ]
[788.  787.  787.  787.  782.5 782.  781.5 780.5 780.5 780.  780.  780.
 779.5 779.5 779.5 779.  778.  777.  777.  777.  777.  777.  777.  777.
 777.  775.5 774.5 774.5 774.5 774.5 774.  773.5 773.  773.  772.  771.
 770.  769.  769.  768.  768.  768.  767.  767.  766.5 766.  765.5 765.
 765.  765.  762.5 762.5 762.5 762.5 762.5 762.5 762.5 762.5 762.5 762. ]
[788.  788.  787.  787.  787.  787.  787.  782.5 782.  782.  781.5 781.5
 780.5 780.5 780.  780.  780.  779.5 779.5 779.5 779.5 779.  779.  778.
 777.  777.  777.  777.  777.  777.  777.  777.  777.  775.5 774.5 774.5
 774.5 774.5 774.  773.5 773.  773.  772.  771.  770.5 770.  769.  769.
 768.5 768.  768.  768.  767.  767.  767.  766.5 766.  765.5 765.  765. ]
[817.  801.  788.  788.  787.  787.  787.  787.  787.  787.  787.  787.
 787.  782.5 782.  782.  781.5 781.5 780.5 780.5 780.5 780.  780.  780.
 780.  779.5 779.5 779.5 779.5 779.  779.  778.  777.  777.  777.  777.
 777.  777.  777.  777.  777.  777.  775.5 774.5 774.5 774.5 774.5 774.5
 774.  774.  773.5 773.  773.  772.  772.  771.  770.5 770.  770.  769. ]
[817.  801.  801.  788.  788.  788.  787.  787.  787.  787.  787.  787.
 787.  787.  787.  787.  787.  787.  782.5 782.  782.  781.5 781.5 781.
 780.5 780.5 780.5 780.  780.  780.  780.  779.5 779.5 779.5 779.5 779.
 779.  778.  777.  777.  777.  777.  777.  777.  777.  777.  777.  777.
 776.  775.5 774.5 774.5 774.5 774.5 774.5 774.  774.  773.5 773.5 773. ]
[817.  817.  801.  801.  788.  788.  788.  788.  788.  788.  788.  787.
 787.  787.  787.  787.  787.  787.  787.  787.  787.  787.  787.  787.
 782.5 782.  782.  782.  781.5 781.5 781.  780.5 780.5 780.5 780.  780.
 780.  780.  779.5 779.5 779.5 779.5 779.  779.  779.  778.  777.  777.
 777.  777.  777.  777.  777.  777.  777.  777.  776.  775.5 774.5 774.5]
[831.  817.  817.  801.  801.  788.  788.  788.  788.  788.  788.  788.
 787.  787.  787.  787.  787.  787.  787.  787.  787.  787.  787.  787.
 787.  787.  787.  787.  782.5 782.  782.  782.  781.5 781.5 781.  780.5
 780.5 780.5 780.  780.  780.  780.  779.5 779.5 779.5 779.5 779.  779.
 779.  778.  777.  777.  777.  777.  777.  777.  777.  777.  777.  777. ]
[831.  831.  817.  817.  801.  801.  793.  788.  788.  788.  788.  788.
 788.  788.  788.  788.  787.  787.  787.  787.  787.  787.  787.  787.
 787.  787.  787.  787.  787.  787.  787.  787.  785.  784.5 782.5 782.
 782.  782.  782.  781.5 781.5 781.  781.  780.5 780.5 780.5 780.5 780.
 780.  780.  780.  779.5 779.5 779.5 779.5 779.  779.  779.  778.  777. ]
[831.  831.  817.  817.  813.5 801.  801.  793.  788.  788.  788.  788.
 788.  788.  788.  788.  788.  788.  788.  788.  788.  787.  787.  787.
 787.  787.  787.  787.  787.  787.  787.  787.  787.  787.  787.  787.
 787.  787.  785.  784.5 782.5 782.  782.  782.  782.  781.5 781.5 781.
 781.  780.5 780.5 780.5 780.5 780.  780.  780.  780.  779.5 779.5 779.5]
[831.  831.  831.  831.  817.  817.  813.5 813.5 801.  801.  801.  794.
 793.  793.  789.  788.  788.  788.  788.  788.  788.  788.  788.  788.
 788.  788.  788.  788.  787.  787.  787.  787.  787.  787.  787.  787.
 787.  787.  787.  787.  787.  787.  787.  787.  787.  787.  787.  785.
 784.5 783.5 782.5 782.  782.  782.  782.  781.5 781.5 781.  781.  780.5]
[831.  831.  831.  831.  831.  831.  817.  817.  813.5 813.5 813.5 813.5
 801.  801.  801.  801.  794.  793.  793.  789.  788.  788.  788.  788.
 788.  788.  788.  788.  788.  788.  788.  788.  788.  788.  787.  787.
 787.  787.  787.  787.  787.  787.  787.  787.  787.  787.  787.  787.
 787.  787.  787.  787.  787.  787.  785.  784.5 783.5 782.5 782.  782. ]
[831.  831.  831.  831.  831.  831.  831.  831.  831.  831.  817.  817.
 813.5 813.5 813.5 813.5 813.5 813.5 801.  801.  801.  801.  794.  793.
 793.  793.  789.  788.  788.  788.  788.  788.  788.  788.  788.  788.
 788.  788.  788.  788.  788.  788.  788.  787.  787.  787.  787.  787.
 787.  787.  787.  787.  787.  787.  787.  787.  787.  787.  787.  787. ]
[831.  831.  831.  831.  831.  831.  831.  831.  831.  831.  831.  831.
 831.  817.  817.  817.  813.5 813.5 813.5 813.5 813.5 813.5 801.  801.
 801.  801.  801.  797.  794.  793.  793.  793.  789.  788.  788.  788.
 788.  788.  788.  788.  788.  788.  788.  788.  788.  788.  788.  788.
 788.  788.  787.  787.  787.  787.  787.  787.  787.  787.  787.  787. ]
