[355.  525.  523.  575.  446.5 474.  391.  393.  352.5 472.  433.  440.5
 394.  470.  394.5 455.  391.  520.  513.5 453.5 482.  501.  535.  462.5
 517.5 463.5 461.5 443.5 472.  495.5 497.  547.  533.  503.  488.5 472.
 469.  501.5 453.5 482.5 510.5 506.  575.  518.  536.5 523.  538.  592.5
 519.5 454.5 561.  514.  515.5 578.  513.5 528.5 456.  413.  530.  599.
 449.  453.5 539.5 527.5 466.5 527.5 519.  549.5 512.5 450.  504.  520.5
 501.  500.5 502.5 435.5 521.5 425.  571.5 518.  484.  421.  460.5 498.5
 512.  463.5 389.  439.  425.5 411.  488.5 432.5 427.  458.  488.5 437.5
 490.5 431.  476.5 443.5 555.5 513.  493.  459.5 495.  422.5 454.  548.5
 522.  362.5 482.  509.5 487.5 448.  487.5 400.  496.5 518.5 440.5 489.5
 395.  455.  462.5 489.  423.  516.  484.5 541.5 523.5 451.5 528.  439.
 511.  465.  478.5 506.  535.  546.5 512.5 502.  532.5 490.  503.  482.
 487.5 550.  438.  428.5 524.5 414.5 550.5 494.  447.  547.  550.5 496.5
 484.5 483.  518.  451.  528.  556.5 494.  374.5 463.  434.5 478.  512.
 479.5 400.  530.5 406.5 475.5 539.  437.5 486.  533.5 428.5 536.  497.
 518.  506.  541.5 538.  478.  516.5 477.5 545.  521.5 470.  546.5 468.
 477.5 483.  567.  474.5 483.  525.  472.  500.5 520.5 579.5 553.  477.5
 460.5 548.  432.5 494.  449.  475.5 514.  494.  512.  482.5 353.5 511.
 491.  542.5 484.  537.  506.  467.  476.5 542.5 490.5 499.5 522.  516.
 537.  484.5 471.  502.  536.  420.  469.5 517.  539.5 470.  464.5 440.
 480.5 519.  460.  526.5 539.  469.  448.5 501.  389.  439.  480.  470.5
 506.5 502.5 504.  502.5 523.5 434.  487.5 402.5 454.5 483.5 517.5 496.
 486.5 524.5 489.  459.  553.5 493.  508.5 412.  476.  486.5 487.  454.
 439.5 447.5 442.5 463.5 486.  498.5 438.  396.5 517.  512.  454.5 446.5
 489.  460.5 489.5 429.5 452.5 392.5 465.5 374.  454.  423.5 435.5 499.5
 496.5 459.5 440.  462.  479.5 475.  483.5 483.  514.  433.5 493.5 530.
 447.  487.  468.5 556.5 399.5 507.5 514.5 471.5 478.5 508.  469.5 507.
 399.5 507.5 388.5 492.  447.5 475.  511.  455.  452.5 527.5 508.5 475.
 491.5 485.5 506.  532.  427.5 465.  503.5 484.  489.  442.  495.5 466.5
 475.5 499.5 490.  528.5 459.  478.  482.  500.5 468.5 473.5 509.  489.5
 444.  462.5 432.5 514.  423.5 520.5 523.5 482.  435.5 487.  518.5 423.
 512.5 494.5 529.5 418.  453.5 404.5 366.5 446.5 401.  467.  404.5 493.
 491.5 543.5 435.5 438.5 450.5 343.  485.  467.  416.5 472.  510.5 466.5
 477.  489.5 472.5 507.5 524.5 419.  431.5 433.5 496.  454.  485.  521.
 375.  465.5 513.5 525.5 430.  469.5 527.  484.  478.5 409.5 472.5 462.5
 478.5 471.  442.5 440.5 538.5 422.5 468.  443.5 548.  465.  457.  472.5
 434.5 502.5 466.  534.  499.  499.  504.5 462.5 479.5 501.5 506.  422.5
 487.  424.5 441.  429.5 525.5 415.  502.  488.5 408.  490.5 446.5 442.
 388.  434.  502.  470.  521.5 449.  564.  472.5 443.  439.  491.  546.5
 474.5 509.5 494.5 406.5 527.5 551.  551.  535.5 562.5 498.  534.  560.
 479.  525.5 525.5 498.  533.5 525.5 534.  522.5 423.5 403.  491.  476.
 528.  540.5 452.  538.5 530.  477.5 533.5 484.5 523.5 516.5 434.5 476.5
 454.  501.5 534.  540.  509.5 492.  437.5 538.5 547.  520.  461.  587.
 474.5 422.  477.5 497.  524.  421.  453.  499.  568.  489.  379.5 518.5
 457.5 481.  491.5 503.5 495.  462.5 470.  496.  444.5 495.5 492.5 542.5
 492.5 488.5 423.  437.  481.  473.  403.  485.5 401.5 471.  449.  531.
 508.5 494.5 516.5 541.5 453.5 508.  455.5 565.5 414.5 502.  481.5 487.
 512.  454.  400.  466.  479.5 484.  436.5 447.5 473.  495.5 493.  377.
 481.  410.  530.5 510.5 525.  520.  497.  526.5 458.5 474.5 437.5 439.5
 530.  454.5 482.5 498.  416.  441.5 458.  502.  483.5 460.  402.  485.
 477.5 339.5 441.  516.  420.5 461.  445.5 529.5 435.5 518.  439.5 445.
 440.5 538.  542.  450.5 450.  543.5 498.5 419.5 456.5 504.  539.  511.5
 511.5 487.5 526.5 508.5 507.5 422.5 568.5 542.  526.5 457.5 460.5 480.
 530.5 492.  462.  504.  543.5 415.  578.5 502.  477.5 440.  443.5 520.
 553.5 587.  466.5 501.5 422.  463.5 470.5 452.  546.5 512.  515.  422.
 500.  516.5 502.5 464.  438.5 487.  409.5 506.5 455.  429.  414.5 520.5
 378.5 472.  489.5 434.  460.5 443.  490.5 461.5 538.5 495.  440.  437.
 500.  515.  515.5 468.5 391.  553.5 425.  528.5 518.5 442.5 399.5 527.5
 542.  525.5 521.5 565.5 513.  475.  454.5 488.5 548.  438.5 428.5 410.
 513.5 432.5 451.  524.  522.5 481.  412.  473.  487.5 497.5 420.5 431.
 560.  473.5 484.  518.5 441.5 497.  489.  454.  485.5 483.  496.  471.
 479.  516.  478.5 452.5 502.  494.5 474.  507.5 484.  446.  465.5 513.
 474.  364.  436.  432.  521.5 414.5 528.  402.  525.5 464.  463.  512.
 406.  419.5 510.5 524.  429.  455.  373.5 528.5 420.5 516.  488.5 485.
 472.  522.5 541.  485.5 439.5 488.5 465.  430.5 422.5 441.5 493.5 438.5
 512.  528.  446.5 516.  485.5 416.  486.5 458.5 437.  494.  442.  503.
 451.5 491.5 564.5 505.  538.  481.  483.  541.  393.5 504.  485.  536.5
 460.5 465.5 491.5 463.  529.5 525.5 507.5 424.  434.5 417.5 534.  483.5
 459.  533.  525.  477.5 442.  453.5 400.5 483.5 463.  413.  434.5 451.5
 483.5 517.  444.5 542.5 468.  509.  401.  539.5 499.5 455.5 542.  451.5
 491.5 469.  452.5 471.  501.5 527.  498.5 504.5 464.  433.  459.  530.
 465.  509.  455.  518.  515.5 482.  483.  508.5 503.5 470.  532.5 524.5
 426.5 495.5 490.  536.  489.  569.5 515.  430.  482.5 455.  493.  419.5
 453.5 392.5 535.  467.  535.  488.  500.  448.  519.  513.  494.5 410.
 430.5 476.  444.  469.5 421.5 416.5 471.  438.  429.5 468.5 501.5 435.
 418.  444.  457.  453.  384.  395.  415.5 459.5 524.5 483.  460.5 434.
 519.  559.5 474.5 461.5 444.  520.  489.5 473.5 499.5 406.5 467.  453.5
 424.  466.5 461.5 434.5 423.5 511.5 422.5 495.5 552.5 417.  490.  519.5
 487.  403.  489.5 539.  433.  554.  529.5 485.  551.  491.  451.5 464.5
 518.  478.  500.5 426.  497.5 456.5 483.  530.5 423.  491.5 590.5 458.5
 498.  402.5 511.5 564.5 549.  470.  441.  431.  511.5 467.5 507.  428.
 517.  458.  474.  496.5 447.  558.5 540.  496.  513.5 435.5 545.  413.
 526.  495.5 517.5 491.  471.  470.5 542.  435.  433.5 545.  549.5 486.
 529.5 433.5 481.  456.5]
[481.  590.  479.  453.  434.  495.  436.5 553.5 548.5 572.  598.  624.
 593.  615.  584.  556.  584.5 555.5 557.5 543.  546.5 564.  571.5 567.5
 523.5 613.5 477.  513.  501.5 539.  501.  487.  519.  533.  541.5 502.
 505.5 507.  561.5 539.5 505.  497.5 506.5 536.5 496.5 536.  507.  522.
 493.5 531.5 573.5 542.5 546.  512.  476.  523.5 540.5 515.  500.  498.5
 545.  545.5 514.5 483.5 519.5 538.5 509.  554.5 533.5 516.5 491.  547.5
 552.  527.5 531.5 528.5 483.  552.  459.  527.  509.  528.  546.  522.5
 511.5 538.5 534.  549.  568.5 565.5 517.5 527.5 540.  542.5 534.5 543.
 551.5 548.5 551.  538.  540.  534.  548.  582.5 547.5 497.5 556.5 559.5
 543.5 562.  536.  515.  497.  514.5 525.5 556.  545.  533.  526.  500.
 514.  529.5 482.5 502.  509.  489.  498.5 518.5 489.5 480.  483.  494.
 531.  470.5 517.5 505.5 451.  501.  483.  473.  519.  475.  525.5 475.5
 457.  522.  478.  512.  466.  510.  504.  522.5 509.5 526.5 523.5 508.5
 511.5 491.5 520.  519.  517.5 518.  486.  505.  491.  517.  521.  504.
 533.5 562.5 523.5 536.5 501.5 564.5 490.5 507.5 560.5 563.5 550.5 532.5
 561.5 518.5 501.  537.  559.  566.  521.  542.5 529.5 569.5 560.5 588.5
 589.5 568.  584.  578.  585.  579.  594.5 561.5 536.  535.  542.  561.
 554.5 563.5 588.5 528.5 517.  591.  563.  538.  577.  565.  584.5 579.5
 537.5 518.5 566.5 521.  524.  519.  545.  586.  534.  539.5 494.  507.
 508.5 513.5 564.5 552.5 501.  515.  538.  516.  522.  502.5 530.5 468.
 507.  510.  497.  519.  517.5 459.  521.  511.  505.  536.  505.  483.
 498.  525.  525.5 503.5 519.5 507.5 503.5 558.5 506.  506.  534.  523.5
 530.5 563.  551.  527.5 519.5 559.  509.5 551.5 531.5 505.5 605.5 516.5
 502.  562.  560.  542.  537.  551.5 547.5 506.5 515.5 525.5 571.5 553.5
 529.5 555.5 534.5 530.5 545.5 543.5 507.  535.  524.  577.  561.  566.
 517.5 536.5 548.5 529.5 490.5 547.5 508.  545.  518.  558.5 522.5 534.5
 549.5 528.5 532.  537.  544.5 572.5 531.5 506.5 515.5 531.5 542.5 506.5
 498.  505.  554.  543.  529.  516.  540.5 548.5 531.5 509.5 522.5 533.5
 552.  518.  533.  475.  539.5 527.5 494.5 489.5 493.5 504.5 476.  463.
 540.  519.5 527.5 495.5 494.  431.  483.  518.5 490.5 514.5 510.5 477.5
 523.5 507.  514.  543.  463.5 468.5 503.5 457.5 515.5 517.  520.  532.
 462.  485.  523.  505.  573.  468.5 520.5 469.  505.  553.  471.  488.5
 500.5 527.5 521.5 545.5 530.5 502.  518.  552.  547.  508.  545.  541.
 533.5 531.5 490.5 530.5 519.  549.  494.  533.  529.  568.  526.5 525.5
 532.5 537.5 501.5 529.  506.  522.  541.  575.  537.  478.5 547.5 533.5
 531.5 504.  505.  524.  517.5 473.  490.  519.  533.  559.5 467.5 551.5
 543.5 533.5 567.5 575.  548.  508.  521.  508.  544.  506.5 524.5 519.5
 503.5 527.  466.  499.  512.  512.  541.  500.  541.  489.5 495.5 510.5
 546.5 548.5 529.5 497.5 473.  529.  507.  522.  474.5 538.5 509.5 522.5
 559.5 485.5 508.5 506.5 525.5 551.5 494.  524.  498.  511.5 474.5 537.5
 498.5 521.5 544.5 547.  523.  532.  493.5 503.5 497.5 504.5 491.5 514.5
 557.5 495.  520.  530.  511.5 504.5 492.  504.  500.  440.  487.  485.
 495.  533.5 494.  500.  499.5 445.5 520.  492.  505.  463.  512.  532.
 470.5 448.5 462.5 493.  480.  528.  477.  524.5 456.5 491.5 500.5 500.5
 483.  487.  543.  478.  492.  496.  501.  527.  517.5 514.5 513.5 518.5
 519.5 553.5 496.5 551.  561.  526.  590.  549.5 525.5 572.5 514.5 544.
 541.  502.  522.5 529.5 515.5 519.5 553.5 511.  535.  554.  556.  524.5
 494.5 523.5 539.5 549.  529.  537.  542.  539.  495.5 553.5 525.5 505.
 491.  526.  561.  534.  539.  522.5 543.5 561.5 516.5 506.5 501.  508.
 540.  536.  521.  544.  500.5 503.5 478.5 513.5 554.5 476.5 498.5 528.
 497.  540.  509.  496.5 483.5 535.5 530.5 498.5 548.5 490.  497.  483.
 468.  533.  546.  520.5 507.5 514.  500.  505.  517.  537.  518.  526.5
 497.5 476.  521.  508.  554.  521.5 561.5 487.5 545.5 477.5 540.5 527.5
 548.5 554.5 477.  539.  511.  478.  503.  530.5 498.5 510.5 576.5 503.5
 507.5 533.5 492.  521.  579.  543.  563.  525.  508.5 500.5 530.5 567.5
 523.5 554.5 532.5 530.5 563.  506.  509.  558.  524.  517.  482.  479.5
 546.5 513.5 510.5 456.5 521.5 539.5 494.5 519.5 520.  487.5 459.5 494.5
 492.5 461.5 515.5 504.5 487.5 501.  571.  495.  533.  521.  486.  479.
 510.5 478.5 513.5 485.  492.  478.  483.5 544.5 520.5 500.5 523.5 542.5
 482.  566.  460.  472.  521.  484.  522.5 512.5 463.5 499.5 531.  490.
 474.  545.  500.  495.  516.  459.  484.5 512.5 510.5 499.5 506.5 495.5
 495.  504.  471.  516.  472.  500.  494.  481.  471.  451.5 437.5 542.5
 521.5 513.  485.  507.  479.  487.  467.  533.  472.  532.5 507.5 506.
 488.  467.  508.  466.  514.  472.5 525.  480.  507.  505.5 534.5 498.5
 470.5 485.  464.  479.5 486.5 519.5 494.5 485.5 529.  473.  514.  475.
 464.5 416.5 455.5 453.5 500.5 468.5 503.5 495.5 508.  485.  456.5 431.5
 475.5 540.5 462.  500.  485.  465.  460.5 462.5 476.5 470.  462.  495.
 450.  474.5 457.5 490.5 466.5 497.5 475.5 556.  464.  486.  454.  465.
 486.5 515.5 457.5 469.  459.  453.  522.  468.5 467.5 463.5 476.5 493.
 450.  473.  464.  472.  460.  422.  501.  473.5 429.  443.  468.  467.
 458.  459.  484.  439.5 469.5 440.5 511.5 486.  438.  470.  464.  482.
 481.  430.  479.  458.5 463.5 491.5 470.5 429.  428.  468.  473.  485.5
 482.5 444.5 464.5 437.  468.  463.  424.5 450.5 442.  488.  503.  494.
 460.  486.5 477.5 492.5 465.5 458.5 485.5 429.  508.  470.5 488.5 464.5
 468.5 465.  473.  484.  477.  491.  417.5 470.5 493.  486.  465.  493.5
 477.5 450.5 413.5 448.  485.  516.  472.  487.5 431.5 430.5 500.5 459.5
 507.5 478.  433.  413.5 455.5 500.5 472.5 460.  489.  473.5 467.5 499.5
 482.5 470.5 467.5 445.5 551.5 431.  455.  488.5 507.5 487.5 512.  489.
 452.  502.  479.5 465.5 484.5 415.  465.  493.  458.5 453.5 506.5 420.
 438.  473.  414.5 470.5 493.5 439.  460.5 488.5 465.  468.  469.  501.
 485.  463.  453.  431.5 434.5 453.5 517.5 449.5 458.  476.  499.  471.
 469.  452.  504.  508.5 461.5 497.5 487.5 471.5 465.5 501.5 444.5 499.
 462.  457.5 488.5 493.5 528.5 465.  471.  475.5 518.5 445.5 469.5 489.5
 437.  441.  479.5 464.5]
[597.  552.  651.  661.5 637.  591.5 583.  566.  556.  600.  582.5 586.5
 627.5 611.  610.  625.  614.  617.  607.  605.  598.  542.5 590.5 544.5
 563.5 558.5 543.  563.  505.  495.  539.  513.  544.  569.5 543.5 550.5
 541.5 520.  505.  533.5 554.  529.  524.5 529.5 524.  511.5 541.5 572.5
 500.  555.  487.  534.  559.5 491.  526.5 525.  532.  518.  516.  521.
 508.  467.5 542.  527.  555.  561.  553.5 577.5 555.5 572.5 596.5 589.
 562.  567.  597.  551.5 488.5 597.  552.  567.5 530.5 521.  532.  530.5
 520.5 519.5 486.5 452.  493.  483.  518.  500.  521.5 499.5 495.5 552.5
 532.5 516.5 518.  539.5 561.5 517.  557.  544.  524.  547.  571.  561.
 565.5 490.5 533.  541.  533.5 552.5 499.5 554.5 590.5 547.5 556.  536.5
 498.5 563.5 548.5 548.5 548.5 467.  516.  521.  481.  517.  506.5 509.
 563.  548.  527.  532.5 526.5 506.5 502.5 513.5 532.5 517.5 523.5 528.5
 516.5 511.5 506.5 555.5 537.  541.  506.  516.  545.  520.  545.  584.
 557.  555.5 529.5 554.5 519.5 563.  537.  557.  574.  550.  534.  575.5
 519.5 532.5 508.5 517.  538.  528.  551.  530.  525.5 562.5 523.5 538.
 536.5 526.5 576.5 513.  527.5 548.  524.  542.  570.  535.  525.  543.
 556.  520.  561.5 515.5 567.5 498.5 524.5 513.5 520.5 477.5 558.5 515.5
 577.5 516.5 529.  558.  528.  561.5 535.5 518.5 521.5 495.5 518.  554.
 555.  546.  514.  555.  559.5 542.5 533.5 571.  525.  539.  554.  520.
 540.  579.  527.5 551.5 517.5 536.5 528.5 526.5 561.5 537.  545.  558.
 529.  540.  499.  518.5 556.5 540.  492.5 533.5 528.5 583.  500.  491.
 520.  564.5 554.5 538.5 528.5 493.5 534.5 538.5 521.  541.  543.  552.
 544.  505.  525.5 531.5 522.5 527.5 531.5 504.  528.  521.  524.  551.5
 478.5 493.5 506.5 535.  554.  509.  512.5 507.5 507.5 500.5 495.  528.
 517.  486.  481.  470.  492.  486.5 487.5 477.5 476.5 555.  470.  484.
 477.  480.  496.  501.5 467.5 493.5 496.5 520.5 556.  540.  486.  543.
 500.  483.  548.  535.  495.  562.5 543.5 532.5 538.5 537.5 494.5 553.5
 531.5 535.  541.  494.  565.  574.  535.  571.  556.5 570.5 572.5 576.5
 535.  536.  528.  551.  525.  520.  574.  561.5 555.5 539.5 571.5 551.5
 527.  555.  527.  494.  497.  572.  553.  591.5 547.5 527.5 500.5 500.5
 498.  523.  522.  490.  553.5 505.5 515.5 515.5 514.  496.  514.  521.
 534.5 516.5 508.5 489.5 504.  509.  465.  512.  485.  446.  545.5 529.5
 462.5 535.5 500.  506.  485.  509.  476.  498.  469.  473.5 470.  498.
 487.  524.  483.5 475.5 442.5 480.5 492.5 526.5 523.5 516.  495.  506.
 481.  492.  518.  497.  494.  513.  538.5 502.5 508.5 492.5 519.5 535.5
 533.5 452.5 478.5 523.5 547.  547.  516.  488.  508.  507.  472.  513.
 527.5 468.5 473.5 537.5 513.  522.  549.  518.  509.5 530.5 494.5 533.5
 496.5 538.5 531.5 530.5 531.5 546.  484.  532.  532.  573.  548.5 528.5
 545.5 505.5 509.5 505.5 466.5 475.5 472.5 519.  524.  543.5 506.5 469.5
 520.5 507.5 506.5 500.  504.  496.  492.  515.  481.  543.5 506.5 505.5
 492.5 529.5 472.5 532.  500.  451.  530.  523.5 479.5 476.5 507.5 503.5
 494.5 487.5 518.  509.  477.  474.  491.  489.5 456.5 518.5 500.5 493.
 462.  488.  504.  509.5 546.5 520.5 463.5 504.5 501.5 457.5 491.5 566.5
 494.  512.  458.  501.5 509.5 489.5 510.5 540.5 513.  526.  509.  488.
 496.  483.  550.5 518.5 516.5 545.5 502.5 570.5 499.5 470.5 533.5 545.
 495.  561.  547.5 520.5 502.5 492.5 503.5 485.5 505.5 518.5 576.  560.
 535.  483.  516.  515.  524.5 500.5 528.5 480.5 480.5 518.  488.  508.
 503.  528.  501.  523.  481.  509.  491.  550.  526.5 506.5 519.5 500.5
 518.  545.  514.  516.  499.  541.  536.5 526.5 492.5 504.5 548.5 497.5
 472.5 514.5 504.5 494.5 557.5 557.  550.  540.  510.  538.  520.  556.
 540.  527.5 523.5 537.5 546.5 489.5 450.5 536.  543.  525.  519.  521.
 550.  540.5 544.5 544.5 520.5 508.5 517.5 491.5 513.5 534.  498.  568.
 530.  453.  526.  543.5 498.5 556.5 587.5 553.5 526.  535.  509.  527.
 474.  523.5 504.5 541.5 505.5 481.5 503.5 509.5 542.  557.  531.  516.
 476.  541.5 537.5 554.5 486.5 498.5 508.5 543.  585.  506.  497.  502.
 527.5 514.5 508.5 471.5 470.5 538.  471.  532.  460.5 492.5 509.5 503.
 528.  484.  504.  472.  476.  518.  515.5 493.5 471.5 495.5 502.5 504.
 486.  472.  489.  499.5 505.5 460.5 531.5 475.5 507.5 523.  528.  492.
 475.  518.5 469.5 489.5 500.5 507.  519.  538.  450.  478.  495.5 502.5
 480.5 426.5 454.5 489.  532.  490.  496.  519.  437.  489.  527.  462.
 504.5 484.5 500.5 486.5 523.5 458.5 479.5 493.5 529.5 533.  493.  508.
 523.  483.  540.  499.  486.  463.  492.  525.5 501.5 497.5 507.5 467.5
 522.5 465.5 495.5 497.5 545.  477.  515.  479.  513.  483.  548.5 512.5
 503.5 504.5 516.5 509.  503.  483.  517.  496.  521.  512.  498.  461.
 467.  494.  504.  516.5 532.5 510.5 455.5 542.  514.  523.  501.  510.
 476.  494.  502.5 530.5 511.5 508.5 527.5 493.5 530.5 491.5 467.5 473.
 487.  526.  543.5 486.5 544.  531.  491.  477.  508.  477.  470.  522.5
 545.5 483.5 520.5 527.  546.  536.  487.  507.  492.  470.  499.  443.
 496.  486.5 515.5 464.5 496.5 483.5 476.5 485.5 488.5 461.5 495.  550.
 503.  482.  519.  468.  431.  489.  452.  507.  527.5 475.5 489.5 484.5
 493.  465.  471.  545.5 517.5 477.5 479.5 479.5 470.5 508.5 516.  531.
 489.  466.  529.5 492.5 519.5 524.5 461.5 498.5 451.5 500.5 518.  543.
 496.  468.  577.5 503.5 500.5 507.  495.  544.5 481.5 492.5 469.5 510.5
 556.  530.  545.  452.  518.  494.  476.  549.  496.5 487.5 508.5 507.5
 504.5 479.5 542.  487.  521.  494.  554.  508.  494.  523.  549.5 506.5
 523.5 483.5 473.5 450.5 460.5 494.  499.  450.  468.  466.5 479.5 478.
 480.  496.  471.  503.  491.5 492.5 529.5 495.5 534.  508.  479.  510.
 534.5 497.5 523.5 512.5 511.5 485.5 488.5 494.  508.  465.  466.  551.5
 523.5 513.5 440.5 509.  448.  482.  521.5 519.5 442.5 489.5 460.5 483.
 510.  466.5 472.5 491.5 497.5 517.5 462.5 510.  503.  491.  495.  488.5
 488.5 507.5 501.  499.  534.  534.  505.  466.5 507.5 486.5 509.5 555.
 523.  475.  475.  494.  500.  527.  514.  471.  529.5 497.5 497.  511.
 483.  545.5 507.5 531.5 537.  533.  547.  487.  524.  513.  504.  517.5
 491.5 505.5 485.  492. ]
[601.5 714.  605.  575.  541.  525.  489.5 487.5 523.5 496.  518.  552.
 509.5 554.5 527.  529.  541.5 571.5 536.  584.  526.  558.5 573.  526.
 567.  549.5 558.  552.  523.  571.  505.  564.  512.  552.  566.5 506.5
 580.5 535.5 544.  553.  546.  523.5 564.5 563.5 552.5 528.  519.5 512.5
 539.5 558.5 548.  547.  543.  534.  544.5 558.  559.  563.  559.  553.5
 547.  515.5 530.5 504.5 551.5 578.5 593.  590.  538.  553.5 579.  587.
 574.  579.  582.  574.  602.  576.5 554.5 525.5 556.5 561.5 529.  588.
 577.5 576.  579.  620.  578.5 589.5 549.5 562.  576.  590.  555.  624.5
 563.5 590.5 587.  598.  579.  590.  578.5 594.  559.5 562.  591.  528.
 580.  576.  534.  578.  533.  510.  525.  507.  556.5 586.5 544.5 563.5
 554.  531.  534.  559.  550.  537.  528.5 498.5 502.5 559.  556.  545.
 577.  497.  563.  530.5 546.5 561.  488.  547.  573.5 535.5 563.5 540.
 559.  578.5 522.  611.5 553.5 562.5 539.  541.  550.  563.  555.5 526.5
 566.  527.  566.  545.5 524.  546.  540.5 539.5 527.5 522.5 550.5 516.5
 539.  549.  514.  543.  525.  548.  500.5 557.5 534.  498.  562.  542.
 550.5 546.5 614.5 561.5 547.5 542.5 505.5 581.5 586.  553.  519.  549.
 606.5 516.  613.  549.  568.5 581.5 596.5 572.5 546.  568.  545.5 601.5
 533.  559.  541.  556.  532.  538.  594.  584.5 573.  584.  557.  566.
 538.  537.  560.5 581.5 528.5 592.  573.  576.  571.  527.  578.  585.
 546.  604.5 536.5 580.5 574.5 582.5 521.  562.  591.  539.  562.  527.
 516.  551.  557.  569.5 550.5 559.5 558.5 523.5 573.  570.  562.  549.
 507.  558.5 550.5 553.5 533.5 541.5 532.  462.  500.  561.  580.5 600.5
 550.5 553.5 576.  543.  574.  564.5 536.5 565.5 545.5 547.5 559.  531.
 607.  574.  597.  572.5 582.5 577.5 510.5 543.5 573.  569.  555.  544.
 541.  534.  551.5 551.  513.  541.  554.  550.5 537.5 549.5 540.5 530.5
 526.5 523.  537.  504.  542.5 524.5 497.5 564.  543.  534.  547.  544.5
 548.5 555.5 542.5 514.  554.  511.  577.  530.  550.  556.  565.5 542.5
 515.5 504.5 534.5 534.5 580.  543.  543.  578.  525.  526.  518.  602.
 562.  548.5 552.5 536.5 556.5 573.  537.  558.  512.  575.  580.  552.5
 542.5 567.5 580.5 543.5 539.5 534.5 505.5 573.  557.  528.  548.  520.
 534.  526.  555.  534.  539.5 530.5 508.5 505.  526.  503.  557.  545.
 523.  527.5 540.5 515.5 529.5 532.  514.  504.  526.  526.  516.  504.5
 501.5 571.  579.  566.  556.  514.  528.  528.  552.5 507.5 543.  533.
 529.  508.5 515.5 535.5 545.5 523.5 530.5 517.  508.  529.  507.  551.
 529.  561.  575.  527.5 580.5 546.5 525.5 545.  556.  550.  514.  545.
 550.  540.5 563.5 519.5 555.5 552.5 530.5 527.5 519.  498.  503.  555.
 538.5 558.5 477.5 544.  548.  527.  505.  521.  489.  524.  508.  540.
 573.5 536.5 523.5 522.  529.  505.  538.  456.  495.  510.  516.  521.5
 536.5 478.5 478.5 538.5 534.5 490.5 526.5 519.  531.  518.  522.5 554.5
 476.5 501.5 494.5 507.5 517.5 534.  520.  500.  523.  529.  524.  487.
 561.  509.  495.  516.5 488.5 485.5 526.5 488.5 466.5 537.5 542.5 500.
 530.  483.  540.5 501.5 543.5 498.5 480.5 483.5 554.  535.  456.  505.
 541.  509.5 497.5 525.5 540.5 531.5 545.5 532.5 487.5 541.  537.  501.
 540.5 542.5 525.5 557.5 525.5 507.5 537.  552.  531.  522.  491.  531.
 563.  539.  501.  589.5 558.5 538.5 525.5 534.5 554.5 514.5 519.5 487.5
 575.5 579.5 528.  584.  517.  537.  518.  521.  519.  494.  574.  548.5
 534.5 544.5 504.5 544.5 525.5 527.5 500.  524.  536.  521.  513.  540.5
 533.5 516.5 520.  551.  551.  539.  554.  548.5 546.5 520.5 529.5 558.
 526.  586.  530.  569.  535.  509.  547.5 524.5 552.5 559.5 582.5 506.5
 542.5 560.5 506.5 530.5 512.5 520.  535.  554.  549.  505.  473.  519.
 555.5 530.5 548.5 522.  525.  493.  456.  560.  583.5 537.5 504.5 559.
 533.  513.  550.  556.  558.  510.  528.  541.  540.  545.5 523.5 537.5
 519.5 531.5 536.5 517.5 498.5 518.5 547.  488.  509.  545.  504.  495.
 513.  540.5 505.5 523.5 521.5 512.5 505.5 471.5 503.  501.  517.  504.
 510.  495.  555.5 543.5 509.5 542.5 491.5 545.5 548.5 549.  510.  549.
 512.  552.  546.  538.  497.  504.  512.  526.  474.  511.  515.5 502.5
 487.5 505.5 526.5 496.5 515.5 515.  515.  497.  529.  514.  531.5 529.5
 505.5 498.5 538.5 529.5 512.5 549.5 546.  559.  522.  525.  539.  505.
 491.  493.  522.  546.  516.  533.5 499.5 500.5 543.5 535.5 521.5 539.5
 513.  535.  502.  507.  514.  520.5 517.5 549.5 545.  534.  539.  562.
 542.  517.  548.5 512.5 524.5 510.5 545.  540.  546.  534.  531.  548.
 540.  506.  508.  556.  551.5 557.5 502.5 520.  513.  527.  554.5 546.5
 536.5 491.5 521.  540.5 539.5 522.5 543.5 493.5 575.  504.  510.  503.
 542.  585.5 542.5 564.5 528.5 476.5 531.5 530.5 554.  557.  534.  545.
 553.  548.  504.  523.  529.  496.  553.5 531.5 557.5 526.5 532.5 523.5
 510.5 497.5 530.5 569.5 520.  510.  536.  522.  530.  506.  505.  475.
 536.5 526.5 527.5 548.5 533.5 513.5 494.5 485.5 485.5 514.5 539.  516.
 496.  481.  491.  551.  549.  542.  535.5 555.5 545.5 507.5 518.5 508.5
 512.5 520.5 527.5 495.5 500.  532.  540.  548.  485.  547.5 524.5 476.5
 523.5 487.5 497.5 496.5 476.5 534.  521.  543.  478.  546.  510.5 524.5
 508.5 482.5 538.5 477.5 456.5 503.  509.  513.  522.  509.  493.  501.
 477.  535.5 506.5 494.5 495.5 473.5 547.  544.  503.  495.  496.  488.
 525.5 546.5 523.5 513.5 495.5 507.5 520.5 484.  519.  502.5 489.5 491.5
 518.5 492.  523.  495.  502.  526.5 488.5 549.5 552.5 474.5 494.5 478.5
 489.5 474.5 467.5 529.5 504.  462.  500.  507.  540.  529.  496.  493.
 508.5 504.5 488.5 508.5 507.  532.  492.  530.  507.  456.  562.  523.5
 527.5 488.5 506.5 459.5 518.  505.  496.  519.  505.  535.  479.5 519.5
 500.5 496.5 479.5 440.5 550.5 488.  541.  503.  486.  508.5 490.5 471.5
 466.5 563.  493.  521.  478.  518.  498.  503.  496.  484.  526.5 480.5
 531.5 499.5 452.5 506.5 518.  523.  517.  520.  478.  503.  495.  543.
 454.  494.  485.5 489.5 513.5 548.5 527.  487.  511.  550.  501.  475.
 459.  506.  480.  485.  487.  481.  573.  506.5 521.5 519.5 510.5 465.5
 498.5 531.  513.  568.  509.  497.5 548.5 503.5 502.5 505.5 510.5 536.5
 512.5 494.5 484.5 482.5]
[742.  625.  571.  567.5 563.  608.5 609.  603.  612.  633.5 628.5 618.5
 583.5 595.  583.5 558.  591.  543.  557.  598.  563.  598.  565.5 565.
 644.  606.5 592.5 594.  584.  566.  580.  553.  544.5 523.5 481.5 512.5
 510.  513.  526.  513.  542.  555.  564.5 546.5 570.  591.5 562.  564.
 582.  577.  558.5 568.5 590.5 605.5 575.5 601.  611.  592.  605.  587.5
 614.5 629.5 587.5 574.  579.5 571.5 555.  573.  595.5 573.5 543.  583.5
 541.  517.  558.  571.  577.  552.  565.5 557.5 573.5 558.5 567.  540.5
 540.  567.  596.  599.  576.  559.  561.  550.  558.  584.  566.  542.
 540.  592.  594.5 527.  555.  542.  557.  532.  562.  549.  539.5 549.5
 535.5 576.5 557.  543.  564.  566.5 535.5 536.5 528.5 564.  533.  560.
 539.  545.  557.  551.  548.5 557.  538.  528.  509.5 525.  524.  551.
 532.  480.  500.5 490.5 497.  499.  525.  534.  485.  531.5 526.5 506.5
 474.5 537.5 477.5 498.5 515.5 519.  506.  549.  537.5 512.5 535.5 540.5
 560.5 574.5 552.5 559.5 555.  540.5 576.5 579.5 545.5 534.5 583.5 542.5
 601.  540.  572.  579.  528.  564.  562.5 542.5 576.  573.  537.  531.
 521.  580.  540.  524.  553.  546.5 551.5 571.5 572.5 567.5 557.5 572.
 554.  519.  568.  543.5 585.5 552.5 535.5 542.5 550.  558.  536.  516.
 531.  535.  517.  518.5 522.  509.  509.  516.  478.  506.  515.  507.
 525.5 476.5 522.  534.  502.  512.  475.  495.  501.  514.  543.  495.5
 529.5 557.  556.  537.  534.  532.  549.5 538.5 569.  517.  544.  550.
 559.  526.  533.  580.  574.5 550.5 538.  558.5 541.5 580.  598.  539.
 506.  553.  563.  574.5 552.5 592.5 572.5 557.5 573.  563.  563.  565.
 534.5 527.  554.  569.  576.  576.5 541.5 551.  546.  551.  560.5 561.
 542.  518.  540.  550.5 550.5 560.5 535.5 523.5 540.5 574.5 524.5 540.5
 529.5 551.5 550.  567.  568.5 553.5 546.5 569.5 540.5 555.5 561.  541.
 555.  561.  497.  554.5 534.  534.  539.  536.  535.  489.  545.  528.
 559.  519.  548.  550.  557.  532.5 547.5 573.  526.  533.  568.  537.5
 550.5 536.  542.5 530.5 543.5 578.  587.  556.  572.  533.  535.  552.
 575.  558.  556.  554.5 549.5 543.5 567.5 539.5 540.5 559.5 543.  558.
 541.  507.  542.  557.5 552.5 557.5 566.5 530.  549.  545.  534.  527.
 523.  521.5 591.5 527.5 546.  546.  556.  545.  556.  542.  537.  558.
 554.5 548.5 561.5 509.5 547.5 530.5 546.  560.  513.  556.  549.5 585.5
 581.5 530.5 545.5 552.  565.  564.  516.  536.  528.  546.  552.  551.5
 572.5 568.5 535.5 522.5 536.5 538.5 555.  557.  527.  508.  532.  572.5
 544.5 561.5 561.5 560.5 530.5 537.5 563.  572.  558.  533.  563.  588.
 586.  550.  536.  547.5 545.5 520.5 489.5 564.  537.  532.  505.  527.
 560.  506.  564.5 558.5 545.5 523.5 540.5 538.5 533.5 541.  544.  522.
 506.  531.  509.  506.  525.  554.5 519.5 546.5 512.5 525.5 501.5 530.5
 510.  542.  487.  566.  544.  499.  505.  547.  537.  545.5 533.5 553.5
 536.5 555.5 552.5 506.5 541.5 515.5 538.5 565.  554.  525.  563.  557.
 550.  513.  572.  508.  587.5 549.5 539.5 540.5 570.  540.  550.  541.
 542.  526.  545.5 565.5 538.5 535.5 538.5 541.5 546.  547.  565.  551.
 548.  536.  546.  542.  563.  541.  551.5 564.5 523.5 521.5 531.5 525.5
 498.5 524.5 537.5 524.  521.  517.  544.  489.  544.  542.  524.  536.5
 520.5 573.5 538.5 555.5 561.5 528.  543.  547.  513.  553.  545.5 545.5
 551.5 532.5 534.5 524.5 580.  578.  562.  544.  543.  501.  558.  538.
 516.  572.  567.  632.5 563.5 554.5 522.5 562.5 565.5 536.5 551.5 552.5
 525.5 556.5 521.  552.  522.  499.  554.5 580.5 486.5 589.  540.  540.
 562.  555.  512.  556.  546.  558.  574.5 545.5 545.5 511.5 583.5 566.5
 535.5 557.5 533.5 510.5 532.  545.  562.  542.  512.  522.  526.  527.
 528.  552.5 574.5 560.5 528.5 536.5 500.5 544.  552.  551.  526.  518.
 526.  502.  535.  508.  596.  541.5 564.5 533.5 534.5 524.5 477.5 576.5
 565.  555.  537.  542.  544.  556.5 489.5 515.5 527.5 464.5 537.  545.
 576.  540.  526.  550.  546.  526.5 510.5 521.5 535.5 533.5 543.5 504.5
 509.5 510.5 555.  492.  515.  527.  554.  558.5 524.5 545.5 531.5 544.5
 530.5 571.5 526.  548.  506.  484.  548.  565.  524.5 523.5 548.5 538.5
 511.5 550.5 583.  567.  551.  560.  503.  532.  528.  560.  563.  521.
 530.  518.  569.  591.  544.5 553.5 570.5 512.5 552.5 526.  551.  550.
 557.  626.  571.  536.5 511.5 546.  536.  554.  548.  482.  537.5 531.5
 571.5 510.5 535.5 549.5 588.  517.  526.  561.  508.  540.  587.  553.5
 528.5 491.5 519.5 533.5 548.5 498.5 554.5 494.5 514.5 552.5 508.  531.
 561.  506.  487.  522.  529.5 526.5 550.5 592.5 516.5 572.  523.  553.
 566.  497.  543.  545.  534.  544.  545.  541.  535.5 543.5 556.5 575.
 537.  536.  541.  565.  540.  541.  510.  558.5 551.5 515.5 547.5 513.5
 527.5 523.5 554.5 509.  551.  544.  573.  522.  535.  513.  524.5 562.5
 566.5 538.5 495.5 530.5 529.5 513.5 554.5 551.  531.  539.  529.  538.
 502.  574.  497.  540.  545.5 556.5 530.5 514.5 573.5 529.5 548.5 547.5
 556.  525.  541.  555.  517.  552.  537.5 524.5 466.5 525.5 534.5 586.
 538.  511.  529.  553.5 543.5 541.5 524.5 523.5 513.5 521.5 530.5 539.5
 513.5 514.5 527.  535.  554.  519.  461.  510.  515.  540.5 571.5 470.5
 508.  518.  532.  531.  490.  529.  498.  551.  546.  542.5 506.5 492.5
 485.5 544.  521.  535.  488.  489.  525.  513.  498.5 521.5 503.5 516.5
 497.5 501.  537.  534.  507.  518.  542.  513.  546.  513.5 527.5 502.5
 532.5 519.5 542.5 537.  537.  519.  549.  492.  530.  495.  522.  484.5
 560.5 538.5 551.  500.  535.  539.  521.  527.  561.  543.  558.5 552.5
 488.5 511.5 545.  548.  558.  498.  514.  547.5 531.5 530.5 537.  542.
 532.  549.  532.  512.  541.5 535.5 531.5 527.5 537.5 510.5 537.  548.
 506.5 474.5 533.5 544.  529.  564.  515.  522.  522.  520.  551.  536.
 525.5 490.5 528.5 535.  544.  521.  465.  498.  503.  463.  530.  487.
 574.5 502.5 464.5 526.5 489.5 480.5 529.5 528.5 514.  553.  532.  486.
 554.  499.  499.  501.  491.5 458.5 494.5 522.5 507.5 489.5 509.  539.
 452.  494.  519.  453.  497.  514.5 535.5 494.5 522.5 520.  495.  486.
 503.  484.  485.  496.  508.5 490.5 483.5 496.5 533.5 505.5 505.5 516.
 489.  477.  507.5 497.5]
[597.  630.  589.  631.  577.  572.  569.  586.5 609.5 593.5 606.5 604.5
 601.5 591.5 604.5 655.  578.  563.  563.  631.  596.5 601.5 574.5 563.5
 585.5 634.  573.5 603.5 622.5 597.  595.  539.  608.  631.5 619.  603.5
 588.5 615.5 583.5 597.  574.5 574.5 590.  532.  555.  555.5 562.  581.
 522.5 572.  595.  584.  625.  539.  594.  596.  592.  573.  597.  567.
 547.  577.  594.  549.  586.  540.5 577.  531.  559.  556.5 555.5 562.
 584.5 551.5 533.5 541.  523.  547.  554.5 516.5 525.5 564.5 548.5 579.
 545.  540.  525.5 568.5 550.5 545.5 570.  555.  580.  535.5 574.  552.5
 564.  569.  574.  563.  573.  575.  607.  559.  549.  548.  575.  549.5
 564.5 523.5 550.5 551.5 538.5 557.  514.  532.  550.  546.5 541.  533.
 566.  545.5 523.5 558.5 575.  539.  556.  535.  558.5 566.5 535.5 580.5
 552.5 559.5 592.5 569.  548.  537.5 588.5 554.5 570.  611.  591.  581.5
 575.5 565.5 600.5 613.  555.  593.  559.  577.  595.  627.  573.  594.
 602.  580.5 635.5 586.5 579.5 623.  592.  569.  602.  610.  577.5 631.5
 576.  604.  584.  622.  635.5 569.5 583.5 567.5 590.5 589.  583.  592.
 580.  590.  574.5 566.  594.  590.  582.5 559.5 544.5 583.5 552.5 590.5
 583.5 564.5 570.5 553.  516.  563.  573.5 545.5 574.5 547.5 592.  530.
 575.  546.  506.  606.  535.  590.  549.  498.  569.  548.  557.  544.5
 592.5 545.5 562.5 563.5 548.  565.  569.  544.  541.  556.  549.  558.5
 557.5 543.5 523.5 593.5 594.  562.  563.  556.  558.  518.5 560.  562.
 563.5 565.  577.  536.  582.  571.  519.5 575.5 573.5 548.  551.  529.
 564.  573.5 531.5 564.5 561.5 555.  594.  565.  539.  539.  526.  536.
 554.  532.5 514.5 533.5 532.5 541.5 567.  545.  543.  497.  569.5 549.5
 557.5 526.5 551.  555.  552.  582.  537.  512.  579.  547.  587.5 543.5
 566.5 536.5 525.  565.  574.  566.  536.  541.  533.  555.5 534.5 591.5
 595.  577.  573.  554.  556.  566.  546.  540.  524.  536.  531.5 582.5
 557.5 540.5 552.5 559.  514.  567.  523.  552.  579.  545.5 512.5 531.5
 542.5 547.5 569.  543.  580.  538.  565.  538.  527.  552.  574.  568.5
 571.5 545.5 532.5 520.5 515.5 546.5 576.  555.  534.  587.  541.  545.
 546.  527.  574.5 567.5 553.5 562.  537.  598.  556.  562.5 590.5 546.5
 572.5 595.5 528.5 575.5 560.5 525.  547.  551.  566.  567.  528.  561.
 582.  549.  543.  544.  563.  549.  529.  572.5 549.5 539.5 523.5 517.5
 526.5 569.  543.  570.  556.  552.  550.  543.  553.  538.  502.  527.
 520.  568.5 529.5 526.5 520.5 511.5 555.  551.  552.  574.  558.  504.
 520.  579.  553.5 533.5 540.5 584.5 540.  540.  557.  549.  518.  543.
 552.  539.  519.  550.  557.  568.  551.  560.5 556.5 543.5 529.5 521.5
 590.5 525.5 503.5 526.5 566.  560.  548.  562.  545.  531.  524.  608.
 573.  555.5 543.5 586.5 548.5 528.5 593.  571.  556.  579.  574.  557.
 586.  599.  565.5 576.5 586.5 571.5 540.5 534.5 581.5 552.5 573.5 565.5
 594.  573.  598.  593.  544.  581.  567.  592.  526.  585.5 577.5 577.5
 571.5 580.5 557.5 588.5 595.  582.  580.  567.  550.  538.  576.  539.
 539.  591.  531.  554.  575.  582.  570.  565.5 551.5 527.5 534.5 505.5
 524.5 525.  555.  545.  544.  546.  577.  492.  520.  504.  526.  517.5
 549.5 505.5 533.5 492.5 508.5 532.5 502.  550.  521.  522.  508.  512.
 559.5 532.5 495.5 515.5 459.5 526.  517.  490.  528.  469.  514.  482.
 532.  514.5 504.5 503.5 485.5 497.5 516.5 522.  531.  518.  489.  510.
 546.5 528.5 557.5 508.5 532.  508.  507.  501.  530.  562.  508.  513.
 512.  521.  511.  557.  534.  528.  523.5 479.5 540.5 534.5 523.5 545.5
 514.5 537.5 540.5 514.5 527.5 509.5 538.5 530.5 531.  527.  524.  490.
 535.  534.  535.  530.  528.  554.5 528.5 533.5 511.5 530.  536.  490.
 545.  522.  557.  550.  523.  503.  498.  548.  534.  559.  535.5 512.5
 558.5 500.5 518.5 534.5 553.  563.  529.  526.  567.  532.  499.  549.
 519.  540.  569.  566.5 589.5 525.5 541.5 565.5 504.5 546.5 581.  557.
 554.  595.  525.  559.  545.  543.  529.  537.  531.  536.  527.  549.
 492.  575.  588.5 535.5 546.5 556.5 564.5 518.5 545.5 551.5 563.  555.
 551.  550.  537.  515.  549.  545.  542.  541.  518.  555.  552.5 544.5
 559.5 531.5 531.5 525.5 524.5 553.5 521.5 536.5 528.5 545.  562.  570.
 538.  538.  525.  546.  523.  546.  524.  518.  510.  534.  521.5 539.5
 532.5 533.5 562.  510.  551.  516.  483.  524.  554.  548.5 492.5 556.5
 497.5 501.5 538.5 547.5 558.5 520.5 512.5 564.5 547.  536.  530.  500.
 494.  524.  584.  555.5 567.5 556.5 535.5 554.5 515.5 552.5 555.5 571.5
 559.  542.  501.  574.  543.  521.  541.  531.  535.  551.  500.  561.
 526.  523.  570.  566.  537.5 543.5 539.5 552.5 524.5 543.5 512.5 540.5
 559.  569.  557.  569.  531.  556.  567.  577.  525.  559.  535.5 507.5
 553.5 544.5 539.5 567.5 557.5 540.5 549.5 527.5 562.5 567.5 546.5 568.5
 596.  544.  534.  510.  516.  556.  500.  561.  542.  552.  547.5 593.5
 549.5 554.5 529.5 494.5 593.  561.  555.  516.  558.  549.  550.  551.
 593.5 546.5 533.5 536.5 602.5 561.5 552.5 573.5 576.5 539.5 589.5 562.
 574.  565.  564.  545.  590.5 569.5 523.5 572.  582.  548.  586.  558.
 563.  570.  564.  548.  549.  540.  592.5 533.5 584.5 578.5 554.5 522.5
 571.5 560.5 568.  558.  546.  585.  580.  553.  588.  566.5 555.5 530.5
 579.5 572.5 513.5 545.5 579.5 554.5 546.5 550.  524.  569.  545.  562.5
 558.5 529.5 526.5 559.5 523.5 560.  545.  548.  570.  538.5 558.5 558.5
 531.5 534.5 540.5 582.  539.  553.  562.  551.  542.  546.  575.  546.
 535.5 533.5 511.5 531.5 519.5 557.  530.  536.  520.  537.  531.  533.
 545.  512.  519.  504.  558.  567.5 532.5 536.5 517.5 498.5 545.  536.
 544.  507.  540.  492.  530.  540.  552.  542.  517.  544.  572.5 540.5
 540.5 544.5 521.5 503.5 496.5 567.5 540.  533.  557.  580.  523.  567.
 513.  511.  502.  577.5 555.5 514.5 513.5 508.5 536.5 494.5 549.5 555.5
 574.  559.  535.  533.  569.5 578.5 558.5 550.5 522.5 537.5 529.5 564.5
 531.  518.  523.5 510.5 511.5 540.5 512.5 603.  558.  534.  542.  531.
 547.  555.  547.  530.  500.  561.5 525.5 527.5 514.5 529.5 568.5 563.
 552.  568.  529.  526.  541.  506.  544.5 511.5 553.  528.  553.5 540.5
 506.5 483.5 551.5 532. ]
[550.5 669.  630.  657.  633.  607.  545.5 519.5 527.5 541.5 520.5 547.5
 568.5 558.  572.5 597.5 612.5 583.5 610.  597.  610.  599.  623.  611.
 632.  603.5 580.  602.5 592.  599.  579.  605.  589.  588.  610.  619.5
 637.5 620.5 634.5 607.  617.  627.  596.  572.5 560.  608.  586.  603.
 603.  583.  571.  615.5 578.5 589.  588.  571.  592.  588.  576.  559.
 599.  531.5 550.5 540.  596.  559.  588.5 573.5 586.5 570.  632.  615.5
 606.5 599.5 596.5 551.  573.  581.5 630.5 586.  575.  596.  564.5 592.5
 570.5 582.5 546.5 545.5 603.5 586.  566.  558.  527.  584.  554.  574.
 582.  565.  567.  590.  600.  561.5 578.5 598.  581.  573.  577.  562.5
 557.5 557.5 577.  563.  556.  556.  589.  579.  575.  562.  565.  550.
 557.  536.  573.  551.  581.  543.  558.  534.  527.  531.  552.  553.
 536.  536.5 553.5 543.5 503.5 560.5 533.5 572.5 540.  560.  567.  564.
 550.  553.  592.5 566.5 563.5 569.5 580.5 594.  580.  588.  584.  594.
 571.  529.  583.5 599.5 572.5 574.5 587.  546.  551.  586.  576.  553.5
 543.5 542.5 554.5 561.5 594.5 534.5 618.  602.  576.  578.  585.  550.5
 557.5 604.  627.  580.  547.  580.5 600.5 536.5 605.5 588.  595.  582.5
 550.5 594.  598.  594.5 605.5 551.5 561.5 613.  552.  570.  589.  578.5
 557.5 559.5 593.5 582.5 574.  598.  598.5 588.5 536.5 580.5 612.5 594.
 573.  578.  607.  592.  558.  606.5 600.5 564.5 577.5 559.  551.  582.5
 580.5 560.5 573.  538.  576.  578.  593.  551.  555.  545.  563.5 536.5
 542.5 547.  529.  531.  533.  525.  532.5 522.5 511.5 515.5 495.5 544.5
 533.5 538.  478.  547.  518.  495.  501.  515.  491.  508.5 471.5 517.5
 485.  513.  543.  500.  493.  519.  472.  534.  489.5 533.5 533.  553.
 526.5 529.5 543.5 518.5 572.  558.  544.  576.  541.  549.  522.  524.
 555.  585.  584.  567.  536.  559.5 558.5 550.5 545.  557.  535.  550.
 547.  563.  549.5 597.5 557.5 574.  573.  599.  560.  529.  538.  547.
 543.  563.  542.  550.5 585.5 556.5 569.5 598.5 579.5 561.  530.  561.
 529.  566.  566.  538.  587.  569.  585.  546.  572.5 552.5 569.5 579.5
 545.5 543.5 555.  564.  585.  528.  562.  574.  568.  604.  553.5 553.5
 562.5 563.5 572.5 586.  562.  545.  537.  554.5 548.5 566.5 545.5 573.5
 549.  543.  579.5 588.5 553.  549.  567.  581.  539.  548.  515.  522.
 574.  508.  546.5 572.5 535.5 571.5 560.  570.  570.  562.  595.  605.
 565.  565.  588.  552.  516.  530.  549.  571.5 586.5 583.5 544.5 521.5
 576.5 566.  591.  561.  600.  582.5 571.5 559.5 566.5 572.5 583.5 560.5
 560.5 525.5 584.  575.  569.  571.  535.  572.  590.  557.  533.  579.
 580.5 569.5 590.5 573.5 573.5 592.  583.  578.  552.  577.  559.  580.
 577.  575.  584.  573.  516.5 550.5 533.5 536.5 550.5 584.  556.  552.
 568.  514.  554.  588.5 594.5 561.5 577.5 558.5 556.5 578.5 552.5 561.
 543.  515.  544.  543.5 566.5 573.5 536.  562.  554.  549.  538.  548.
 581.  555.  565.  546.  538.  575.  553.  591.5 542.5 553.5 556.5 559.
 564.  568.  552.  526.  559.  562.  562.  537.  562.  535.  599.  565.5
 529.5 580.5 535.5 525.5 563.  527.  516.  570.  554.5 602.5 531.5 587.5
 567.  568.  526.  584.  572.  520.5 561.5 553.5 545.5 532.5 526.5 585.
 569.  560.  553.  536.  526.  581.  556.  566.  540.  603.  585.  566.
 587.5 557.5 554.5 547.5 538.5 558.5 549.5 522.5 544.5 555.5 603.  589.
 550.  568.  563.  567.  546.  564.  573.  543.5 580.5 566.5 510.5 573.5
 549.5 592.  583.  539.  525.  563.  535.  584.  572.  543.  570.  550.
 605.  550.  609.  594.5 532.5 542.5 573.5 540.5 569.  542.  626.  565.
 593.  549.  563.  565.  577.  541.  593.  597.5 566.5 576.5 518.5 585.5
 528.5 571.5 553.5 505.5 583.  562.  567.  558.  572.  549.  596.  575.
 560.  551.  533.  539.  567.5 546.5 571.5 572.5 526.5 536.5 521.5 587.
 565.  545.  547.  547.  563.5 562.5 520.5 540.5 556.5 534.  526.  518.
 506.  510.  516.  557.  555.5 531.5 578.5 559.5 510.5 562.5 525.5 531.5
 529.5 555.  546.  547.  554.  549.  544.  535.  544.  564.  563.  588.5
 552.5 563.5 540.5 527.5 556.  551.  546.  599.  567.  580.  559.  533.
 561.  547.  581.5 539.5 536.5 574.  551.  526.  575.  553.  562.  555.
 543.  545.  547.5 556.5 564.5 579.5 565.5 525.5 523.5 547.  556.  555.
 558.  536.  527.  550.  529.  496.  552.  561.  554.  567.5 528.5 558.5
 538.5 556.  573.  561.  540.  577.  548.  532.  548.  521.  533.  553.
 527.5 532.5 552.5 540.5 557.5 568.  553.  552.  549.  575.  503.  549.
 565.  560.  554.  520.  550.5 579.5 565.5 586.5 603.5 550.5 580.5 540.5
 539.5 584.5 564.  571.  517.  550.  526.  536.  554.  533.  531.  534.
 598.5 589.5 586.5 574.5 572.5 581.5 557.5 546.5 496.5 600.5 565.5 515.5
 574.  559.  585.  531.  590.  602.  577.  550.  595.  509.  516.  520.
 540.  541.  548.  547.  556.5 577.5 530.5 537.5 549.5 561.5 578.  557.
 538.  560.  521.  561.  578.  572.  576.  524.  553.5 548.5 585.5 550.5
 540.5 524.5 518.5 581.  575.  528.  556.  570.  541.  554.  538.  551.5
 514.  531.  498.  545.  517.  512.  566.  559.  573.5 531.5 591.  568.
 553.  518.  553.  492.  554.  532.  575.5 561.5 531.5 545.5 520.5 529.5
 530.5 540.5 549.5 537.5 524.5 510.5 524.5 528.5 572.  514.  541.  527.
 536.  535.  547.  543.  536.  499.  556.5 496.5 525.5 526.5 511.5 528.5
 541.5 541.  522.  548.  533.  484.  510.  518.  502.  534.  553.  541.
 539.5 545.5 511.5 538.5 555.5 573.  495.  531.  540.  540.  519.  557.
 537.5 482.5 521.5 508.5 550.  531.  512.  561.  548.  566.  557.5 563.5
 507.5 495.5 510.5 520.  553.  503.  519.  537.  515.  524.  512.  559.
 522.  508.5 559.5 549.5 527.5 549.5 508.5 536.5 573.  524.  495.  532.
 531.  511.  539.5 516.5 497.5 541.5 544.5 536.5 531.  533.  538.  470.
 567.  539.  528.  534.  550.  562.5 558.5 561.5 542.5 531.5 512.5 515.5
 557.5 488.5 534.  539.  523.  551.  534.  561.5 547.5 495.5 583.5 543.5
 539.5 527.5 537.  532.  532.  526.  549.  579.  583.  561.5 549.5 540.5
 526.5 548.5 543.5 510.5 538.  538.  514.  574.  573.  526.  525.  502.
 547.  529.  547.  533.5 503.5 554.  515.  517.  546.  541.  544.  562.
 520.  561.  504.  530.5 516.5 504.5 526.5 519.5 528.5 530.5 532.  523.
 548.  515.  520.  537.5]
[548.  602.  549.  537.  487.5 550.  539.  579.5 601.5 616.5 595.  620.5
 620.  634.  606.  609.  632.5 611.5 610.  631.  570.  599.5 576.  573.
 611.  607.  649.  603.  613.  636.  628.  668.  661.  648.  659.5 646.5
 649.5 665.5 640.  661.5 638.5 620.5 615.  677.  595.  638.  622.  601.
 597.5 620.5 636.5 614.  629.  613.  620.  631.  665.5 642.5 636.5 579.5
 619.  601.  619.  634.  602.  630.  617.  620.  573.  593.  634.5 640.5
 613.  584.  584.  572.  622.  597.  596.  600.  568.5 587.5 555.5 623.5
 559.5 569.5 555.5 556.5 544.5 560.5 548.  540.  590.  578.  562.  566.
 542.  553.  577.  553.  558.5 561.5 526.5 537.5 585.5 588.  593.  539.
 613.  581.  593.5 581.5 614.5 601.5 572.  581.  564.  570.5 576.5 602.5
 595.5 578.5 596.  578.  604.  587.  580.5 591.5 596.5 600.5 604.5 604.
 569.  607.  611.  601.  584.  576.  595.  636.5 588.5 566.5 602.5 596.
 571.  586.  607.  590.  594.5 589.5 569.5 601.5 555.5 591.5 596.  563.
 586.  581.  559.  582.  568.5 536.  560.  550.  528.  548.  550.  553.
 533.  549.  537.  541.5 523.5 532.5 520.5 537.  544.  495.  560.  495.
 520.  530.  527.5 543.  497.  545.  537.  563.5 560.5 554.  531.  585.
 529.  546.  590.  575.  550.5 564.5 552.  588.  553.5 559.5 604.5 530.
 544.  559.  579.  607.  541.  547.  587.  543.5 604.  571.  584.  554.
 576.  556.5 546.5 546.5 585.5 572.5 549.5 570.5 560.  578.  567.  568.
 562.  566.  538.  569.  574.  537.  587.  570.5 554.5 590.  555.  573.
 564.  581.  591.  540.5 566.5 522.5 567.5 578.  579.  559.  561.  569.
 543.  569.  582.  579.  600.  575.  573.5 556.5 529.5 604.  584.  575.
 579.  573.  556.  556.  555.  554.5 595.5 608.  612.  589.  566.  594.
 553.  570.  592.  521.  592.  590.5 582.5 553.5 561.5 565.5 578.5 570.
 575.  571.  607.  564.  573.5 569.5 577.5 545.5 569.5 582.5 577.5 550.5
 618.  537.  556.5 580.5 569.5 592.  568.  600.  568.  570.  584.  591.
 573.  584.  575.5 601.5 598.5 580.5 591.5 553.5 549.5 557.5 559.  591.
 572.  566.  553.  563.  602.  593.  559.  567.5 581.5 609.5 540.5 588.5
 558.5 601.  581.  585.  592.  609.  581.  580.5 593.5 598.5 558.5 603.5
 609.5 608.  606.  589.  601.  593.  593.  614.  621.  559.  602.5 598.5
 575.5 588.5 618.  602.  593.  623.  558.  606.  582.  599.  601.5 594.5
 624.  608.  614.  596.  592.  614.  578.5 576.  628.  578.  592.  604.
 583.  556.  596.  561.  592.5 574.5 583.5 582.5 620.  548.  595.  570.
 574.  588.  566.  582.  573.  600.5 577.5 547.5 598.5 578.5 580.5 565.5
 569.5 587.5 568.  607.  588.  597.  579.  573.  594.  583.  597.  574.
 569.  554.  613.5 578.5 629.5 588.5 624.5 605.5 588.5 555.5 556.5 546.5
 597.  570.  580.  561.  585.  594.  568.  593.  576.5 562.5 560.5 571.5
 588.5 578.  545.  614.  567.  560.  568.  603.  596.5 538.5 587.  560.
 579.  583.  587.  564.  572.  600.  607.  574.5 565.5 573.5 575.5 587.
 583.  549.  558.  559.  546.  571.  608.5 588.  558.  592.  580.  548.
 593.  601.  560.  603.5 562.5 590.  609.  568.  593.  579.  565.  582.
 582.  557.  568.  582.  575.5 579.5 602.5 610.5 570.5 574.5 572.5 588.5
 603.  590.  592.  572.  574.  565.  539.  532.  614.  580.5 534.5 549.5
 549.5 584.  549.  598.  565.  521.  565.  561.  537.  602.  593.5 578.5
 553.5 531.5 543.5 574.  569.  551.  567.  567.  577.  553.  579.5 589.5
 571.5 532.5 566.5 548.5 511.5 582.5 595.  573.  549.  525.  558.  519.
 553.  545.  558.  552.  576.5 557.5 555.5 551.5 567.5 543.5 569.  544.
 573.  567.  543.  544.  535.  532.  567.  537.  521.  516.  595.5 517.5
 536.5 578.5 534.5 524.5 544.5 527.5 525.5 570.5 521.  530.  512.  559.
 517.  537.  539.  560.  531.  547.  532.  549.  554.5 554.5 515.5 596.5
 547.5 517.  578.  575.  581.  548.  557.  533.  562.  579.  559.5 554.5
 572.5 534.5 541.5 591.  557.  556.  566.  558.  526.  549.  556.  563.
 565.  550.5 551.5 522.5 554.5 531.5 584.5 555.  538.  554.  555.  593.
 573.  540.  524.  576.5 582.5 553.5 529.5 550.5 568.5 553.5 556.5 555.5
 570.5 544.  575.  540.  601.  536.  588.  595.  576.5 551.5 591.5 549.5
 564.5 554.5 554.5 546.5 537.5 556.  588.  564.  568.  567.  550.  557.
 546.  589.  569.  578.  537.5 563.5 585.5 563.5 581.  582.  563.  599.
 552.  569.  585.  577.5 574.5 565.5 559.5 571.  531.  567.  557.  545.
 578.  550.  528.  555.  564.  527.5 544.5 574.5 535.5 520.5 550.5 555.5
 563.5 558.5 570.  517.  591.  564.  544.  542.  558.  562.  565.  572.
 528.  540.  564.  541.  569.5 571.5 558.5 535.5 570.5 564.  531.  566.
 585.  565.  543.  557.  546.  546.  516.5 556.5 559.  556.  568.  557.
 573.  531.  550.  548.  545.  562.5 585.5 556.5 554.5 595.5 544.5 532.5
 570.5 556.5 517.5 544.5 567.  574.  559.  585.  553.  554.  559.  564.
 569.  564.  563.  565.  572.5 537.5 550.5 528.5 579.5 592.5 566.5 599.5
 577.5 586.  578.  573.  557.  576.  584.  566.  570.  599.  558.  561.
 551.5 571.5 564.5 568.  571.  599.  569.  585.  601.  563.  564.  573.
 554.  594.5 581.5 592.5 544.5 551.  597.  632.  577.  570.  542.  592.
 585.  574.  605.  580.  597.  593.  583.  577.  570.5 572.5 613.5 574.5
 562.  633.  573.  591.  567.  599.  576.  586.  611.5 593.5 573.5 593.5
 591.5 581.5 598.5 613.  594.  569.  571.  575.  545.  568.  579.5 579.5
 590.5 545.5 590.  558.  548.  574.  596.  573.5 617.5 573.5 558.5 599.5
 544.5 585.5 532.5 569.  559.  572.  557.  571.  604.  551.  560.  561.
 581.5 584.5 561.5 546.5 574.5 578.  553.  558.  600.  587.5 588.5 557.5
 596.  587.  550.  554.  594.  552.  558.  556.  526.5 548.5 551.5 550.5
 558.5 582.5 531.5 567.5 511.5 571.  547.  556.  557.  575.  543.  579.
 579.5 573.5 581.5 528.5 553.5 599.5 563.5 559.  563.  547.  512.  521.
 534.5 545.5 565.5 586.  592.  587.  554.  561.  551.  541.  558.  563.
 568.  547.  576.  570.  551.5 555.5 583.5 545.5 559.  564.  547.  594.
 586.5 551.5 567.5 571.5 547.5 551.5 530.5 549.5 519.5 525.  521.  586.
 562.  556.  550.  512.  540.  594.  598.  601.  519.5 553.5 542.  526.
 558.  590.  527.  525.  563.5 532.5 555.  574.  551.  519.  544.  533.
 547.  545.  558.  533.  565.  523.  521.  558.5 590.5 548.5 521.5 505.5
 569.  558.  541.  548. ]
[497.  595.  539.  599.  695.5 613.5 593.5 569.5 558.5 571.5 568.  606.5
 615.5 598.  656.5 660.5 654.5 660.5 689.  635.  635.  642.  640.  632.
 611.5 596.  611.5 613.5 618.5 626.5 588.5 628.5 589.  601.5 579.  553.5
 605.5 589.5 570.5 563.5 565.5 544.  567.  544.5 531.5 563.  551.  554.5
 533.  541.5 527.  538.  558.  580.  579.  545.  566.5 564.5 536.  567.
 574.  565.  576.  539.5 555.5 577.  600.  609.  608.5 615.5 548.  609.
 568.  616.  574.  593.  583.  600.5 555.5 581.5 603.5 584.  541.  540.
 527.  542.  562.  566.  563.  569.  587.  596.  592.  549.  580.5 578.
 603.  595.5 573.  531.  617.5 578.5 592.  598.  602.  577.  595.  621.
 640.  591.  572.  579.  568.  604.5 571.5 577.5 566.  560.  577.  599.
 592.  595.  554.  602.  571.  563.  575.  611.5 562.5 576.  587.  572.
 561.5 602.  575.5 592.5 575.5 570.5 553.  600.  548.  623.  603.  566.5
 578.5 610.5 566.  613.  563.  600.  586.  602.  614.  618.  563.  611.
 592.  552.  593.  591.5 589.  578.  563.  617.  601.  553.  589.5 562.
 545.  553.5 567.5 553.  559.  559.  588.  550.  546.  598.  577.  581.
 605.  640.  581.5 572.5 587.5 592.  559.  560.  569.  573.  598.  591.
 573.5 604.5 567.5 550.5 585.5 601.  598.  568.  558.  564.  621.5 573.5
 579.5 588.5 581.5 583.  599.  583.  573.  560.  571.  562.  583.  598.
 572.  566.5 591.5 581.5 569.  574.  547.  575.  590.  576.  578.5 572.5
 582.5 583.5 556.  551.  536.  546.  567.  581.  572.5 595.5 558.5 570.5
 552.5 558.  559.  599.  566.  575.5 596.  538.  550.  618.  563.  527.
 570.  559.  562.  570.5 572.5 566.5 578.  557.  571.  600.  539.  537.
 543.  580.  547.5 584.5 545.5 563.5 577.5 585.5 553.  507.  545.  602.
 555.  569.  570.  598.5 548.5 573.5 531.  555.  583.  537.  559.  561.
 566.  571.  609.  570.5 579.5 589.5 566.5 550.5 582.5 592.5 590.5 566.
 580.  555.  575.  589.  556.  596.  535.  567.  577.  554.  567.5 538.5
 580.5 580.  579.  541.  564.  552.  554.  576.  556.  576.  566.  589.
 589.5 554.5 540.5 540.5 576.5 570.5 593.5 577.  625.  539.  603.  587.
 553.  567.  563.5 558.5 580.5 586.  546.  593.  586.  586.  550.  559.
 579.  575.5 575.5 609.5 597.  557.  580.  588.5 562.5 549.5 591.5 567.5
 563.5 561.5 618.5 580.5 596.  590.  563.  607.  583.  571.  584.  605.
 573.5 599.5 589.5 588.  581.  592.  581.  572.  556.  557.  566.  559.5
 603.5 604.  574.  584.  570.  563.  586.  598.5 574.5 603.5 577.5 594.5
 587.  590.  560.  565.  570.  558.  571.  533.  547.  615.5 584.5 534.5
 582.  590.  609.  575.  579.  562.  583.  550.  567.  613.  599.  554.5
 548.5 609.5 564.  591.  578.  539.  528.  608.  549.5 558.5 548.5 564.5
 540.5 529.5 593.  567.  582.  562.  574.  560.  547.  539.  590.  554.
 583.  557.5 546.5 544.5 533.5 569.5 566.5 587.  576.  560.  550.  549.
 527.  546.  552.  558.  561.5 574.5 530.5 558.5 568.5 548.5 552.  522.
 526.  568.5 579.5 566.5 559.5 506.5 571.5 542.5 539.5 555.5 549.5 596.
 555.  588.  532.  554.  604.  550.  615.  547.  579.  576.  578.5 536.5
 559.5 562.5 561.5 577.5 549.5 594.  576.  573.  588.  580.  577.  569.
 556.  547.  554.  552.  581.  541.  553.5 602.5 585.5 547.5 581.5 584.5
 595.  525.  554.  533.  586.  570.  578.  555.5 545.5 544.5 518.5 591.5
 601.5 563.  548.  567.  557.  561.  551.  537.  540.  585.  570.5 565.5
 549.5 564.5 549.5 568.5 577.  563.  540.  561.  521.  529.  531.  523.
 585.5 597.5 581.5 567.5 600.5 564.5 546.5 568.5 587.  584.  561.  571.
 554.  551.  540.  530.  557.  560.  564.5 558.5 579.5 526.5 567.5 590.5
 538.5 591.5 578.  594.  594.  614.  589.  576.  579.  573.  582.  585.
 561.  563.  603.  563.  592.  636.5 518.5 576.5 539.5 562.5 634.5 565.
 541.  547.  556.  584.  574.  538.  595.  552.5 588.5 566.5 562.5 549.5
 559.  577.  545.  545.  578.  573.  546.  588.  576.  604.  626.  611.
 565.  557.5 576.5 622.5 581.5 583.5 574.5 611.5 583.5 575.5 567.  613.
 618.  587.  551.  548.  581.  568.  579.  557.  568.5 595.5 603.5 610.5
 572.5 547.5 572.5 604.5 619.  575.  619.  596.  556.  574.  569.  566.
 568.  580.  531.  544.  551.  592.  555.  619.5 589.5 590.5 570.  588.
 568.  582.  543.  580.  577.  572.  593.  583.  582.  554.  563.  595.
 583.5 575.5 578.5 566.5 530.5 570.5 542.  539.  573.  545.  583.  556.
 590.  568.  579.  523.  608.  555.  577.5 567.5 565.5 556.5 578.5 573.5
 584.  586.  558.  563.  572.  573.  580.  578.  553.  546.5 586.5 577.5
 591.5 556.5 552.5 542.  547.  560.  567.  553.  560.  568.  588.  560.
 571.  572.  583.5 566.5 549.5 594.5 549.5 577.  580.  587.  552.  585.
 562.  586.  584.  541.  576.  554.  570.  567.  547.  590.  621.5 555.5
 573.5 565.5 572.5 567.5 539.5 605.  565.  547.  578.  550.  575.  582.
 577.  592.  630.  549.5 571.5 576.5 593.5 582.  548.  574.  581.  553.
 569.  579.  558.5 579.5 562.5 589.  552.  561.  559.  569.  561.  550.
 585.  589.5 579.5 585.5 590.5 599.  560.  576.  553.  540.  542.  579.
 561.  565.5 555.5 566.5 552.5 567.  583.  582.  549.  591.  539.  551.
 551.  549.  533.  516.  557.  546.  551.  535.  595.5 552.5 555.5 558.5
 556.5 520.5 555.5 535.5 527.  545.  531.  545.  524.  603.  566.  532.
 544.  530.  491.  522.  517.  546.  535.  536.  544.  539.5 551.5 559.5
 548.5 527.  563.  549.  522.  558.  549.  526.  531.  552.  564.  576.5
 547.5 561.5 548.5 520.5 544.5 528.5 567.5 572.5 566.5 548.  561.  554.
 569.  576.  591.  551.  533.  542.  542.  566.  559.  564.5 558.5 583.5
 552.5 586.5 530.5 544.5 555.5 563.  576.  592.  529.  584.  577.  574.
 577.5 575.5 585.5 577.5 553.5 553.5 557.5 566.5 519.5 552.5 608.  581.
 553.  596.  539.  505.  557.  546.  581.5 564.5 585.5 539.5 600.5 541.5
 527.5 570.5 584.  584.  604.  548.  579.  575.  578.  589.  544.  571.
 558.5 577.  568.  534.  536.  527.  524.  570.5 577.5 554.5 559.5 541.5
 568.5 547.5 566.5 565.5 573.  567.  592.  528.  569.  593.  595.5 530.5
 584.5 576.5 596.5 546.5 527.5 606.5 628.  597.  591.  563.  525.  580.
 594.  581.  586.  557.  557.5 540.5 581.5 558.5 544.5 556.5 613.  614.
 577.  586.  591.  545.  585.  611.  531.  587.  584.5 579.5 566.5 600.
 609.  573.  547.  532. ]
[511.5 535.5 622.5 670.  632.  637.  592.5 601.5 616.5 619.  596.5 578.5
 603.5 589.5 600.5 624.5 563.  598.  592.5 577.  550.  582.  580.5 574.
 587.  609.  571.  613.  594.  606.  590.5 598.5 605.  614.5 623.  595.
 615.  606.  636.5 583.  632.5 607.  613.  592.  626.  610.  612.5 589.
 578.  573.5 615.5 635.5 611.5 621.  604.  620.  645.  636.5 625.  599.5
 613.5 618.5 614.  627.5 594.5 588.  647.  630.5 652.5 626.5 603.  628.
 633.  617.  611.  624.5 577.5 596.  606.  573.  581.  614.  585.5 646.
 589.  600.  605.  627.  548.  634.  634.5 603.5 636.5 601.  602.  625.5
 602.  591.  558.  575.  586.  603.5 577.5 593.  539.  584.  598.  589.
 562.  537.  584.5 594.5 591.5 561.5 544.5 558.5 532.5 543.5 576.5 535.5
 561.  543.  552.  523.  517.  545.5 539.5 574.5 557.5 538.5 513.5 539.
 550.  564.  554.  568.  579.  503.  533.5 552.  553.  522.  508.  554.
 517.5 559.5 554.5 521.  567.  565.  571.5 561.5 568.5 559.  545.  556.5
 553.5 588.  540.  556.  549.  594.  521.  594.  639.  615.  598.5 596.5
 603.5 603.5 569.  568.  621.  584.  577.  585.  579.  614.  595.  597.
 598.  612.5 629.5 590.5 566.5 598.5 600.  567.  580.  589.  575.  573.
 599.  605.  626.  615.5 616.5 540.  601.  586.  595.  575.  571.  581.
 576.  589.5 580.5 571.  573.  564.  597.  594.5 547.5 525.5 587.5 589.5
 588.  593.  580.  605.  570.  578.  590.5 591.  602.  600.  572.  543.
 622.  580.  600.5 606.5 555.5 604.5 580.  571.  615.  565.  588.  591.
 583.  550.  581.  560.5 612.5 596.  594.  559.  577.5 610.5 560.5 604.
 601.  590.  562.  630.  620.  588.  576.  629.  624.5 590.5 584.5 624.5
 571.5 656.5 578.5 614.  601.  589.  618.  607.  605.  565.  597.  587.5
 588.5 566.5 615.5 590.  571.  571.  533.  577.  576.5 554.5 588.5 588.5
 548.  577.  575.  579.  581.  517.  572.  580.5 601.5 566.  556.  599.
 567.  551.  565.  573.  585.  552.  557.  562.  570.  565.5 547.5 573.5
 567.5 593.5 554.5 560.5 554.5 617.5 604.  572.  572.  565.  563.  558.
 554.  565.  616.  562.5 557.5 556.5 570.5 575.5 586.5 601.5 593.  556.
 582.  584.  582.  529.  596.  606.5 563.5 556.5 579.5 576.5 540.5 588.5
 571.5 577.  571.  582.  595.  559.  547.  553.  600.  596.  584.  595.5
 576.5 607.5 565.5 587.  597.  596.  574.  560.  566.  556.  571.  554.
 562.  589.5 637.  585.  573.  569.  587.  590.  581.  557.  566.  577.
 597.  611.  561.5 547.5 556.  599.  574.  567.  562.  563.  546.  539.
 540.  574.  585.5 590.5 551.5 582.5 538.5 568.5 547.5 601.  555.  557.
 565.  535.  556.  587.5 560.5 583.5 537.5 531.5 596.  576.  571.  578.
 589.  586.  595.  556.  582.  591.  580.  590.5 599.5 549.5 564.5 597.5
 593.5 569.  572.  570.  555.  565.  580.  592.  612.  567.  567.  599.
 586.  583.  611.5 607.5 579.  590.  558.  589.  572.  571.  588.  611.
 573.  561.  622.  596.5 615.5 581.5 566.5 600.5 584.5 561.5 598.5 564.5
 594.  586.  579.  560.  629.  583.  608.  533.  533.  525.  584.  562.5
 581.5 581.5 574.5 597.  566.  561.  559.  568.  594.  533.  554.  592.
 574.  529.  578.5 536.5 583.5 548.5 541.5 550.5 569.5 552.5 564.  611.
 609.  560.  541.  606.  557.  575.  538.  593.  530.  531.  560.  590.5
 575.5 568.5 538.5 533.5 519.5 593.5 583.  588.  576.  540.  617.  566.
 575.  556.  557.  556.  571.  580.5 555.5 570.5 557.5 585.5 531.5 569.5
 529.5 560.5 603.  566.  595.  573.  558.  582.  564.  575.  575.  606.
 597.  555.  584.  573.  551.  532.  591.  520.5 566.5 554.5 558.5 541.5
 519.5 593.  549.  571.  558.  560.  540.  546.  552.  534.  585.  555.
 547.  553.  587.  567.  563.5 533.5 569.5 524.5 550.5 556.5 566.5 551.5
 527.5 572.  568.  579.  543.  571.  540.  579.  550.  587.5 568.5 513.5
 546.  592.  585.  554.  567.  567.  593.  573.  564.  571.  595.5 608.5
 538.5 570.5 586.5 561.5 565.5 563.  597.  584.  559.  554.  537.  565.
 551.  602.  572.  595.  577.  550.5 547.5 596.5 564.5 562.5 530.5 536.5
 570.5 578.5 590.  583.  563.  541.  562.  601.  575.  594.5 616.5 562.5
 563.5 589.  609.  571.  587.  570.  604.  587.  550.  603.  593.  570.
 595.5 601.5 598.5 619.5 630.5 614.5 567.5 566.5 569.5 577.5 621.  609.
 566.  600.  612.  561.  537.  620.  577.  556.  581.  565.5 579.5 591.5
 607.  591.  600.  605.  545.  584.  595.  576.  577.  578.  560.  593.5
 612.5 581.5 561.5 583.5 564.5 627.5 572.5 594.  608.  582.  599.  575.
 575.  572.  572.  594.  535.  589.5 564.5 583.5 575.5 573.5 568.5 563.5
 563.5 586.5 566.  594.  540.  580.  574.  586.  603.  580.  576.  572.
 562.  595.  532.  608.  600.5 573.5 599.5 554.5 580.5 529.5 571.5 560.5
 579.5 543.5 566.5 589.5 546.5 573.5 573.5 607.  579.  575.  576.  591.
 588.  544.  531.  525.  560.  581.  564.  586.5 577.5 525.5 557.5 575.5
 525.5 572.  548.  546.  519.  543.  532.  543.  554.5 585.5 584.5 541.5
 574.5 553.5 545.5 557.  581.  551.  552.  541.  574.5 559.5 590.5 534.5
 569.  591.  570.  586.  577.  558.  589.  586.  570.  581.  589.  564.
 595.  563.  606.  540.  593.  553.  597.  568.  606.  566.5 575.5 579.5
 545.5 553.5 573.5 541.5 603.  579.  560.  587.  542.  573.  590.  573.5
 561.5 596.5 563.5 560.5 585.5 558.  547.  534.  541.  550.  532.  549.
 569.  546.  541.  550.  563.  560.  539.  547.  551.  544.  558.  568.
 517.  571.  554.  543.5 537.5 564.5 545.5 527.5 532.  571.  533.  562.
 555.  540.  564.  553.  559.  567.  594.  578.5 541.5 555.5 565.5 572.5
 584.5 586.5 580.5 583.5 550.5 567.5 584.  551.  604.  537.  582.  574.
 551.  596.  560.5 569.5 561.5 560.5 582.  555.  558.  575.  561.  553.
 536.  530.  585.  574.  596.  537.5 541.5 542.5 512.5 555.5 546.  548.
 552.  558.  551.  549.  541.  555.  548.5 552.5 559.5 547.5 544.5 540.5
 541.5 525.5 526.5 555.5 559.  550.  535.  550.  535.  556.  553.  535.5
 564.5 562.5 570.5 550.5 549.  538.  566.  572.  525.  532.  545.  547.
 576.  530.  522.  539.  590.5 576.5 547.5 541.5 523.5 567.  521.  567.
 588.  563.  556.  525.  563.  552.  519.  551.5 565.5 560.5 569.5 543.5
 542.5 551.5 557.5 595.  601.  561.  554.  536.  578.  547.  568.  565.
 549.  571.5 563.  577.  576.  572.  542.  576.  582.  558.  518.  569.
 544.  539.5 563.5 541.5]
[480.  671.  688.  639.  632.  569.5 596.5 569.5 601.5 593.5 590.  560.
 565.  615.  594.  619.  566.  599.  602.5 592.5 572.  570.  612.  620.
 633.  612.5 588.5 558.5 560.5 570.5 592.5 579.5 598.5 586.5 540.  582.
 578.  612.5 611.5 590.  584.  607.  623.  636.5 641.  605.5 637.5 628.5
 627.5 568.  608.  589.  606.  616.5 609.5 589.5 575.5 582.5 573.  607.
 586.  580.  572.  600.5 613.5 621.5 602.5 602.5 569.  621.  552.5 599.
 599.  636.  605.  626.5 637.5 607.  614.5 627.5 604.5 630.5 633.5 605.5
 614.5 614.  654.  638.  595.  645.5 609.  636.  611.  600.  615.  649.
 616.  585.5 620.5 618.  624.  578.  588.  600.5 594.  583.  591.5 621.5
 584.  598.  613.  618.5 609.  597.  587.5 569.5 607.5 602.5 570.5 571.5
 589.  586.5 552.5 592.5 574.5 550.5 596.5 609.5 530.  575.  566.  566.5
 573.5 591.  599.  560.  560.  572.  578.  579.5 580.5 552.5 571.5 592.
 609.  604.5 575.5 608.5 604.5 596.5 594.5 628.  595.  565.5 573.5 601.5
 599.  606.  560.  570.  611.  594.  597.5 594.  580.  574.  587.  580.
 603.  596.  531.  567.  603.  598.  553.  604.  582.  559.5 572.  567.
 629.  604.  546.  579.  547.  530.5 580.5 539.5 600.  551.  588.  587.
 546.  578.  593.  577.5 557.5 564.5 599.  620.  582.  559.  553.  551.
 557.  547.  583.  556.  544.5 592.5 593.  565.  569.  568.  569.  570.
 593.  542.  603.5 581.5 596.  587.  570.  537.  588.  547.  576.  570.5
 610.5 600.5 584.5 591.5 626.5 552.  590.  585.  626.  597.  621.  585.
 540.  579.  599.  613.  565.  604.5 597.5 631.5 557.5 601.5 588.  579.
 619.  594.  618.  569.  554.  593.  610.5 612.5 592.5 551.5 618.5 556.
 596.  598.  579.  598.  564.  560.5 564.5 561.5 632.5 597.  584.  561.
 566.  563.  560.  594.5 573.5 566.5 570.5 589.5 589.5 554.5 580.5 596.
 587.  566.  572.5 566.5 596.  571.  555.  553.  580.  591.  549.  547.
 558.  584.  596.  583.  547.  586.5 601.5 586.5 573.5 573.5 592.  591.
 569.  593.  594.  605.  600.  615.  590.  646.5 605.5 599.5 572.5 615.
 578.  612.  616.  548.  606.  619.  588.  601.  564.  583.  608.  597.
 615.  591.5 614.5 588.5 559.5 602.5 571.  586.  588.  593.  578.  590.
 576.  560.  582.  593.  551.  606.  575.  564.5 572.5 537.5 545.5 581.
 553.  598.  574.  584.  565.  581.  569.  571.  580.  574.5 568.5 570.5
 604.  569.  531.  572.  576.  592.  580.  628.5 598.5 589.  557.  552.
 589.  580.  573.  563.  532.  572.  558.5 554.5 572.5 596.5 573.5 552.5
 597.5 568.5 552.5 579.5 581.  564.  577.  539.  549.  533.  584.5 589.5
 612.5 551.5 548.5 544.5 535.5 581.  560.  578.  555.  553.  531.  533.
 562.  536.  534.  554.5 542.5 577.5 553.5 552.  575.  550.  575.  558.
 553.  568.  544.  531.  563.5 537.5 544.5 513.5 550.5 563.  600.  558.
 538.  545.  545.  530.  542.  541.5 576.5 532.5 535.5 548.5 565.5 522.5
 492.5 516.  583.  565.  558.  566.  506.  561.  523.  573.5 545.5 537.5
 565.5 543.5 541.  547.  574.  513.  510.  531.  573.  556.  525.  573.5
 553.5 536.5 546.5 524.5 566.5 560.  575.  583.  542.  582.  563.  561.
 560.  589.  574.  583.  575.5 548.5 564.5 540.5 553.5 590.5 590.  586.
 591.  552.  607.  567.  594.  586.5 545.5 590.5 602.  636.  580.  573.
 598.  577.  560.  546.  611.  564.  595.  556.  601.5 560.5 597.5 576.5
 608.5 574.  580.  613.  597.  591.  587.  570.  562.  581.  561.5 636.5
 587.5 613.5 586.5 591.5 585.  582.  591.  615.  573.  550.  575.  588.
 588.  560.  570.  608.5 580.5 576.5 593.5 609.  543.  582.  593.  556.
 592.  568.  586.  584.  594.  560.  610.5 564.5 554.5 566.5 592.5 597.
 571.  578.  577.  545.  635.  595.  593.  598.  571.5 594.5 572.5 561.5
 560.5 614.5 546.  598.  599.  592.  605.  595.  571.  534.  529.  547.
 551.  592.  591.  559.  622.5 590.5 565.5 589.5 602.5 596.  570.  577.
 601.  570.  595.  586.  554.  560.  546.  568.5 568.5 589.5 574.5 569.5
 625.  586.  577.  582.  614.  553.  580.  602.  588.  578.  586.  598.
 564.  558.  608.5 576.5 572.5 598.5 595.  572.  585.  573.  586.  570.
 583.  541.  586.5 576.5 558.5 534.5 529.5 547.5 594.5 566.5 529.  542.
 550.  569.  598.  588.  571.  570.  550.  567.  565.  604.  579.  584.5
 564.5 570.5 563.  581.  568.  552.  562.  554.  594.  563.  549.  556.
 534.  576.  559.  550.  584.  589.5 563.5 531.5 535.5 539.5 553.5 577.
 539.  571.  557.  568.  590.  560.  519.  549.  568.  554.  571.  535.
 597.  569.  547.  579.  594.  557.5 594.5 552.5 535.5 570.5 538.  605.
 537.  592.  589.  602.  557.  554.5 583.5 574.5 527.5 569.5 607.5 571.
 614.  583.  608.  522.  569.  596.  607.  603.  638.5 566.5 566.5 600.5
 528.5 579.  568.  574.  574.  581.  567.  561.  633.  586.5 560.5 555.5
 565.  576.  544.  586.  565.  577.  597.  588.  579.  544.  561.  601.
 598.5 588.5 570.5 584.5 591.5 583.5 559.5 618.5 604.5 585.5 612.  600.
 581.  580.  569.  559.  595.  579.  579.  581.  526.  604.5 598.5 596.5
 602.5 545.5 561.5 612.  569.  586.  584.  587.  565.  552.  549.  542.
 563.  594.  585.5 582.5 578.5 558.5 576.5 554.5 580.5 634.  607.  608.
 591.  556.  608.  588.  565.  586.5 585.5 540.5 575.5 554.5 565.5 567.5
 606.5 596.5 546.5 598.  552.  597.  585.  599.  543.  581.  567.  548.
 614.  541.  567.  601.5 597.5 549.5 566.5 556.5 564.  569.  531.  603.
 509.  565.  573.  575.  584.  580.5 572.5 513.5 525.5 564.5 549.5 528.5
 540.5 597.5 582.  592.  576.  519.  537.  562.  540.  579.  576.  553.5
 528.5 553.5 608.5 549.5 576.5 550.5 610.5 534.5 572.5 526.5 534.  566.
 588.  543.  563.  537.  570.  566.  584.  605.5 570.5 577.5 589.5 551.5
 548.5 597.  599.  570.  566.  566.  561.  572.  555.  600.  574.  612.
 592.5 562.5 545.5 612.5 600.  582.  548.  566.  573.  556.  575.  573.
 594.  557.  558.  566.  590.5 534.5 577.5 557.5 579.5 581.  567.  530.
 582.  577.  553.  570.5 577.5 569.5 557.5 552.5 585.  573.  546.  573.
 553.  580.  528.  545.  547.  536.  577.  573.  552.5 578.5 564.5 557.5
 543.5 563.  565.  523.  548.  539.  588.  544.  572.  546.  607.5 554.5
 584.5 586.5 544.5 563.5 578.5 572.  586.  592.  578.  547.  566.  563.
 584.  574.  605.5 586.5 558.5 539.5 596.  550.  573.  559.  573.  572.
 570.  549.5 577.5 608.5]
