[0, -2, 7.563093425308762]
[0, -3, 7.563093425308762]
[1, -5, 10.471975511965978]
[2, -7, 7.126761112310177]
[1, -6, 15.541741434425695]
[2, -7, 7.126761112310177]
[0, -6, 15.541741434425695]
[0, -2, 7.563093425308762]
[2, -7, 7.126761112310177]
[1, -5, 10.471975511965978]
[0, -4, 10.471975511965978]
[2, -8, 10.47197551196598]
[0, -5, 10.471975511965978]
[0, -3, 7.563093425308762]
[1, -6, 15.541741434425695]
[2, -9, 10.47197551196598]
[0, -1, 2.4933275028490423]
[1, -1, 2.4933275028490423]
[0, -1, 2.4933275028490423]
[1, -1, 2.4933275028490423]
[1, -2, 7.563093425308762]
[2, -8, 10.47197551196598]
[1, -1, 2.4933275028490423]
[0, -5, 10.471975511965978]
[1, -4, 10.471975511965978]
[1, -6, 15.541741434425695]
[0, -4, 10.471975511965978]
[2, -9, 10.47197551196598]
[0, -4, 10.471975511965978]
[0, -2, 7.563093425308762]
[2, -9, 10.47197551196598]
[0, -4, 10.471975511965978]
[2, -9, 10.47197551196598]
[1, -6, 15.541741434425695]
[2, -5, 4.072434921320103]
[0, -1, 2.4933275028490423]
[2, -3, 8.144869842640206]
[1, -6, 15.541741434425695]
[2, -3, 8.144869842640206]
[0, -4, 10.471975511965978]
[2, -9, 10.47197551196598]
[0, -2, 7.563093425308762]
[0, -6, 15.541741434425695]
[1, -5, 10.471975511965978]
[1, -3, 7.563093425308762]
[1, -6, 15.541741434425695]
[2, -4, 4.072434921320103]
[2, -4, 4.072434921320103]
[2, -3, 8.144869842640206]
[0, -6, 15.541741434425695]
[0, -3, 7.563093425308762]
[2, -3, 8.144869842640206]
[2, -7, 7.126761112310177]
[1, -2, 7.563093425308762]
[1, -6, 15.541741434425695]
[1, -6, 15.541741434425695]
[1, -4, 10.471975511965978]
[0, -2, 7.563093425308762]
[2, -3, 8.144869842640206]
[1, -1, 2.4933275028490423]
[0, -4, 10.471975511965978]
[2, -3, 8.144869842640206]
[1, -5, 10.471975511965978]
[0, -2, 7.563093425308762]
[1, -1, 2.4933275028490423]
[2, -8, 10.47197551196598]
[2, -2, 8.144869842640206]
[1, -1, 2.4933275028490423]
[2, -8, 10.47197551196598]
[2, -8, 10.47197551196598]
[0, -3, 7.563093425308762]
[0, -3, 7.563093425308762]
[1, -4, 10.471975511965978]
[2, -6, 7.126761112310177]
[2, -7, 7.126761112310177]
[0, -1, 2.4933275028490423]
[1, -5, 10.471975511965978]
[2, -7, 7.126761112310177]
[1, -6, 15.541741434425695]
[1, -1, 2.4933275028490423]
[1, -3, 7.563093425308762]
[2, -5, 4.072434921320103]
[1, -3, 7.563093425308762]
[0, -6, 15.541741434425695]
[1, -6, 15.541741434425695]
[1, -1, 2.4933275028490423]
[0, -2, 7.563093425308762]
[1, -6, 15.541741434425695]
[2, -4, 4.072434921320103]
[2, -3, 8.144869842640206]
[1, -1, 2.4933275028490423]
[1, -3, 7.563093425308762]
[1, -2, 7.563093425308762]
[2, -9, 10.47197551196598]
[0, -2, 7.563093425308762]
[1, -6, 15.541741434425695]
[1, -1, 2.4933275028490423]
[2, -9, 10.47197551196598]
[0, -2, 7.563093425308762]
[2, -3, 8.144869842640206]
[1, -5, 10.471975511965978]
[1, -1, 2.4933275028490423]
[1, -5, 10.471975511965978]
[0, -5, 10.471975511965978]
[2, -2, 8.144869842640206]
[0, -2, 7.563093425308762]
[2, -3, 8.144869842640206]
[2, -2, 8.144869842640206]
[0, -5, 10.471975511965978]
[2, -5, 4.072434921320103]
[0, -1, 2.4933275028490423]
[1, -5, 10.471975511965978]
[0, -4, 10.471975511965978]
[0, -3, 7.563093425308762]
[1, -3, 7.563093425308762]
[1, -2, 7.563093425308762]
[0, -6, 15.541741434425695]
[2, -2, 8.144869842640206]
[2, -4, 4.072434921320103]
[0, -1, 2.4933275028490423]
[2, -1, 8.144869842640206]
[2, -4, 4.072434921320103]
[1, -1, 2.4933275028490423]
[2, -9, 10.47197551196598]
[0, -1, 2.4933275028490423]
[0, -4, 10.471975511965978]
[1, -6, 15.541741434425695]
[2, -7, 7.126761112310177]
[0, -4, 10.471975511965978]
[2, -3, 8.144869842640206]
[0, -6, 15.541741434425695]
[2, -9, 10.47197551196598]
[2, -5, 4.072434921320103]
[0, -2, 7.563093425308762]
[2, -8, 10.47197551196598]
[1, -1, 2.4933275028490423]
[2, -8, 10.47197551196598]
[0, -4, 10.471975511965978]
[2, -9, 10.47197551196598]
[2, -1, 8.144869842640206]
[1, -6, 15.541741434425695]
[2, -8, 10.47197551196598]
[1, -6, 15.541741434425695]
[2, -6, 7.126761112310177]
[2, -4, 4.072434921320103]
[0, -2, 7.563093425308762]
[1, -1, 2.4933275028490423]
[2, -1, 8.144869842640206]
[2, -6, 7.126761112310177]
[2, -2, 8.144869842640206]
[1, -5, 10.471975511965978]
[2, -3, 8.144869842640206]
[0, -5, 10.471975511965978]
[2, -2, 8.144869842640206]
[0, -5, 10.471975511965978]
[0, -6, 15.541741434425695]
[2, -9, 10.47197551196598]
[2, -7, 7.126761112310177]
[2, -4, 4.072434921320103]
[2, -3, 8.144869842640206]
[2, -8, 10.47197551196598]
[0, -4, 10.471975511965978]
[2, -8, 10.47197551196598]
[2, -8, 10.47197551196598]
[1, -5, 10.471975511965978]
[1, -5, 10.471975511965978]
[1, -2, 7.563093425308762]
[0, -4, 10.471975511965978]
[1, -3, 7.563093425308762]
[2, -9, 10.47197551196598]
[0, -5, 10.471975511965978]
[1, -5, 10.471975511965978]
[2, -9, 10.47197551196598]
[2, -2, 8.144869842640206]
[0, -1, 2.4933275028490423]
[2, -7, 7.126761112310177]
[2, -5, 4.072434921320103]
[2, -6, 7.126761112310177]
[2, -2, 8.144869842640206]
[1, -3, 7.563093425308762]
[2, -6, 7.126761112310177]
[1, -1, 2.4933275028490423]
[2, -2, 8.144869842640206]
[0, -5, 10.471975511965978]
[2, -6, 7.126761112310177]
[1, -1, 2.4933275028490423]
[2, -6, 7.126761112310177]
[2, -5, 4.072434921320103]
[0, -2, 7.563093425308762]
[1, -1, 2.4933275028490423]
[2, -1, 8.144869842640206]
[0, -6, 15.541741434425695]
[1, -3, 7.563093425308762]
[1, -1, 2.4933275028490423]
[2, -3, 8.144869842640206]
[2, -4, 4.072434921320103]
[1, -2, 7.563093425308762]
[0, -5, 10.471975511965978]
[1, -4, 10.471975511965978]
[2, -2, 8.144869842640206]
[1, -3, 7.563093425308762]
[2, -4, 4.072434921320103]
[2, -2, 8.144869842640206]
[2, -6, 7.126761112310177]
[0, -2, 7.563093425308762]
[1, -3, 7.563093425308762]
[0, -3, 7.563093425308762]
[0, -2, 7.563093425308762]
[0, -3, 7.563093425308762]
[1, -5, 10.471975511965978]
[2, -6, 7.126761112310177]
[2, -3, 8.144869842640206]
[0, -2, 7.563093425308762]
[2, -1, 8.144869842640206]
[0, -5, 10.471975511965978]
[2, -6, 7.126761112310177]
[0, -3, 7.563093425308762]
[2, -9, 10.47197551196598]
[2, -2, 8.144869842640206]
[0, -4, 10.471975511965978]
[2, -5, 4.072434921320103]
[2, -9, 10.47197551196598]
[2, -9, 10.47197551196598]
[1, -4, 10.471975511965978]
[1, -5, 10.471975511965978]
[1, -2, 7.563093425308762]
[1, -3, 7.563093425308762]
[2, -8, 10.47197551196598]
[0, -4, 10.471975511965978]
[1, -3, 7.563093425308762]
[1, -6, 15.541741434425695]
[1, -1, 2.4933275028490423]
[2, -9, 10.47197551196598]
[1, -2, 7.563093425308762]
[1, -4, 10.471975511965978]
[2, -2, 8.144869842640206]
[1, -6, 15.541741434425695]
[1, -1, 2.4933275028490423]
[0, -4, 10.471975511965978]
[2, -9, 10.47197551196598]
[1, -3, 7.563093425308762]
[2, -5, 4.072434921320103]
[2, -5, 4.072434921320103]
[2, -3, 8.144869842640206]
[1, -6, 15.541741434425695]
[2, -9, 10.47197551196598]
[2, -9, 10.47197551196598]
[0, -6, 15.541741434425695]
[1, -5, 10.471975511965978]
[2, -6, 7.126761112310177]
[0, -3, 7.563093425308762]
[0, -3, 7.563093425308762]
[1, -6, 15.541741434425695]
[1, -3, 7.563093425308762]
[2, -8, 10.47197551196598]
[1, -5, 10.471975511965978]
[0, -5, 10.471975511965978]
[1, -4, 10.471975511965978]
[2, -9, 10.47197551196598]
[1, -4, 10.471975511965978]
[0, -2, 7.563093425308762]
[2, -2, 8.144869842640206]
[2, -5, 4.072434921320103]
[1, -1, 2.4933275028490423]
[2, -4, 4.072434921320103]
[0, -2, 7.563093425308762]
[1, -1, 2.4933275028490423]
[2, -4, 4.072434921320103]
[1, -3, 7.563093425308762]
[0, -2, 7.563093425308762]
[0, -6, 15.541741434425695]
[1, -5, 10.471975511965978]
[2, -2, 8.144869842640206]
[0, -4, 10.471975511965978]
[1, -6, 15.541741434425695]
[1, -4, 10.471975511965978]
[0, -6, 15.541741434425695]
[0, -1, 2.4933275028490423]
[0, -3, 7.563093425308762]
[1, -2, 7.563093425308762]
[2, -2, 8.144869842640206]
[0, -6, 15.541741434425695]
[1, -4, 10.471975511965978]
[0, -3, 7.563093425308762]
[0, -5, 10.471975511965978]
[2, -9, 10.47197551196598]
[2, -8, 10.47197551196598]
[2, -6, 7.126761112310177]
[0, -3, 7.563093425308762]
[2, -6, 7.126761112310177]
[1, -5, 10.471975511965978]
[2, -3, 8.144869842640206]
[1, -1, 2.4933275028490423]
[1, -6, 15.541741434425695]
[2, -9, 10.47197551196598]
[2, -8, 10.47197551196598]
[2, -8, 10.47197551196598]
[0, -5, 10.471975511965978]
[1, -4, 10.471975511965978]
[1, -3, 7.563093425308762]
[2, -4, 4.072434921320103]
[0, -1, 2.4933275028490423]
[2, -7, 7.126761112310177]
[2, -7, 7.126761112310177]
[1, -2, 7.563093425308762]
[1, -4, 10.471975511965978]
[0, -4, 10.471975511965978]
[2, -3, 8.144869842640206]
[0, -2, 7.563093425308762]
[2, -6, 7.126761112310177]
[0, -5, 10.471975511965978]
[0, -5, 10.471975511965978]
[2, -8, 10.47197551196598]
[2, -8, 10.47197551196598]
[1, -2, 7.563093425308762]
[1, -2, 7.563093425308762]
[2, -5, 4.072434921320103]
[1, -6, 15.541741434425695]
[2, -4, 4.072434921320103]
[1, -5, 10.471975511965978]
[2, -6, 7.126761112310177]
[2, -3, 8.144869842640206]
[0, -2, 7.563093425308762]
[2, -2, 8.144869842640206]
[2, -4, 4.072434921320103]
[2, -3, 8.144869842640206]
[2, -7, 7.126761112310177]
[1, -2, 7.563093425308762]
[2, -9, 10.47197551196598]
[1, -4, 10.471975511965978]
[1, -4, 10.471975511965978]
[2, -7, 7.126761112310177]
[1, -1, 2.4933275028490423]
[2, -2, 8.144869842640206]
[2, -4, 4.072434921320103]
[0, -6, 15.541741434425695]
[2, -5, 4.072434921320103]
[2, -5, 4.072434921320103]
[0, -5, 10.471975511965978]
[2, -7, 7.126761112310177]
[0, -3, 7.563093425308762]
[1, -2, 7.563093425308762]
[1, -6, 15.541741434425695]
[1, -3, 7.563093425308762]
[2, -3, 8.144869842640206]
[2, -7, 7.126761112310177]
[1, -2, 7.563093425308762]
[1, -5, 10.471975511965978]
[0, -3, 7.563093425308762]
[1, -5, 10.471975511965978]
[2, -3, 8.144869842640206]
[2, -6, 7.126761112310177]
[1, -1, 2.4933275028490423]
[0, -4, 10.471975511965978]
[1, -5, 10.471975511965978]
[0, -3, 7.563093425308762]
[2, -5, 4.072434921320103]
[1, -3, 7.563093425308762]
[0, -1, 2.4933275028490423]
[2, -2, 8.144869842640206]
[1, -1, 2.4933275028490423]
[2, -9, 10.47197551196598]
[2, -1, 8.144869842640206]
[2, -6, 7.126761112310177]
[2, -7, 7.126761112310177]
[2, -4, 4.072434921320103]
[1, -3, 7.563093425308762]
[2, -1, 8.144869842640206]
[0, -5, 10.471975511965978]
[0, -4, 10.471975511965978]
[1, -2, 7.563093425308762]
[0, -1, 2.4933275028490423]
[2, -2, 8.144869842640206]
[2, -6, 7.126761112310177]
[0, -5, 10.471975511965978]
[1, -6, 15.541741434425695]
[2, -7, 7.126761112310177]
[0, -4, 10.471975511965978]
[2, -6, 7.126761112310177]
[2, -7, 7.126761112310177]
[1, -3, 7.563093425308762]
[2, -4, 4.072434921320103]
[1, -2, 7.563093425308762]
[2, -7, 7.126761112310177]
[1, -2, 7.563093425308762]
[0, -2, 7.563093425308762]
[2, -4, 4.072434921320103]
[0, -5, 10.471975511965978]
[1, -6, 15.541741434425695]
[1, -3, 7.563093425308762]
[2, -9, 10.47197551196598]
[1, -2, 7.563093425308762]
[2, -7, 7.126761112310177]
[0, -5, 10.471975511965978]
[2, -8, 10.47197551196598]
[0, -4, 10.471975511965978]
[0, -1, 2.4933275028490423]
[2, -2, 8.144869842640206]
[1, -2, 7.563093425308762]
[0, -6, 15.541741434425695]
[2, -4, 4.072434921320103]
[1, -6, 15.541741434425695]
[1, -3, 7.563093425308762]
[0, -5, 10.471975511965978]
[2, -9, 10.47197551196598]
[2, -1, 8.144869842640206]
[2, -7, 7.126761112310177]
[1, -5, 10.471975511965978]
[1, -3, 7.563093425308762]
[2, -6, 7.126761112310177]
[2, -8, 10.47197551196598]
[2, -6, 7.126761112310177]
[0, -4, 10.471975511965978]
[1, -3, 7.563093425308762]
[2, -3, 8.144869842640206]
[2, -3, 8.144869842640206]
[2, -4, 4.072434921320103]
[2, -8, 10.47197551196598]
[1, -5, 10.471975511965978]
[0, -2, 7.563093425308762]
[2, -4, 4.072434921320103]
[2, -3, 8.144869842640206]
[1, -1, 2.4933275028490423]
[2, -2, 8.144869842640206]
[0, -4, 10.471975511965978]
[0, -6, 15.541741434425695]
[1, -5, 10.471975511965978]
[2, -5, 4.072434921320103]
[1, -2, 7.563093425308762]
[0, -1, 2.4933275028490423]
[1, -3, 7.563093425308762]
[0, -2, 7.563093425308762]
[2, -6, 7.126761112310177]
[2, -9, 10.47197551196598]
[0, -1, 2.4933275028490423]
[0, -2, 7.563093425308762]
[0, -3, 7.563093425308762]
[1, -2, 7.563093425308762]
[1, -1, 2.4933275028490423]
[2, -3, 8.144869842640206]
[2, -9, 10.47197551196598]
[1, -5, 10.471975511965978]
[2, -7, 7.126761112310177]
[1, -3, 7.563093425308762]
[1, -6, 15.541741434425695]
[2, -3, 8.144869842640206]
[2, -8, 10.47197551196598]
[1, -5, 10.471975511965978]
[2, -2, 8.144869842640206]
[2, -2, 8.144869842640206]
[1, -4, 10.471975511965978]
[2, -2, 8.144869842640206]
[1, -2, 7.563093425308762]
[2, -2, 8.144869842640206]
[1, -3, 7.563093425308762]
[0, -6, 15.541741434425695]
[1, -6, 15.541741434425695]
[2, -4, 4.072434921320103]
[2, -3, 8.144869842640206]
[1, -1, 2.4933275028490423]
[1, -2, 7.563093425308762]
[1, -3, 7.563093425308762]
[2, -8, 10.47197551196598]
[1, -1, 2.4933275028490423]
[2, -8, 10.47197551196598]
[2, -1, 8.144869842640206]
[1, -1, 2.4933275028490423]
[1, -6, 15.541741434425695]
[0, -4, 10.471975511965978]
[2, -6, 7.126761112310177]
[0, -5, 10.471975511965978]
[2, -5, 4.072434921320103]
[2, -6, 7.126761112310177]
[1, -6, 15.541741434425695]
[0, -5, 10.471975511965978]
[0, -5, 10.471975511965978]
[0, -2, 7.563093425308762]
[0, -4, 10.471975511965978]
[0, -6, 15.541741434425695]
[0, -2, 7.563093425308762]
[2, -7, 7.126761112310177]
[1, -6, 15.541741434425695]
[2, -9, 10.47197551196598]
[2, -9, 10.47197551196598]
[1, -5, 10.471975511965978]
[0, -1, 2.4933275028490423]
[1, -1, 2.4933275028490423]
[2, -9, 10.47197551196598]
[2, -7, 7.126761112310177]
[1, -6, 15.541741434425695]
[0, -1, 2.4933275028490423]
[0, -1, 2.4933275028490423]
[1, -6, 15.541741434425695]
[1, -3, 7.563093425308762]
[2, -5, 4.072434921320103]
[2, -7, 7.126761112310177]
[1, -4, 10.471975511965978]
[2, -3, 8.144869842640206]
[1, -6, 15.541741434425695]
[2, -2, 8.144869842640206]
[0, -4, 10.471975511965978]
[2, -8, 10.47197551196598]
[2, -9, 10.47197551196598]
[0, -6, 15.541741434425695]
[0, -3, 7.563093425308762]
[2, -3, 8.144869842640206]
[0, -3, 7.563093425308762]
[0, -5, 10.471975511965978]
[2, -2, 8.144869842640206]
[0, -6, 15.541741434425695]
[0, -2, 7.563093425308762]
[1, -5, 10.471975511965978]
[2, -4, 4.072434921320103]
[1, -6, 15.541741434425695]
[2, -9, 10.47197551196598]
[2, -4, 4.072434921320103]
[2, -1, 8.144869842640206]
[0, -6, 15.541741434425695]
[2, -8, 10.47197551196598]
[0, -5, 10.471975511965978]
[0, -4, 10.471975511965978]
[1, -4, 10.471975511965978]
[1, -2, 7.563093425308762]
[2, -7, 7.126761112310177]
[2, -2, 8.144869842640206]
[0, -2, 7.563093425308762]
[1, -5, 10.471975511965978]
[0, -2, 7.563093425308762]
[2, -9, 10.47197551196598]
[2, -6, 7.126761112310177]
[0, -4, 10.471975511965978]
[1, -4, 10.471975511965978]
[2, -4, 4.072434921320103]
[1, -2, 7.563093425308762]
[2, -5, 4.072434921320103]
[0, -3, 7.563093425308762]
[2, -2, 8.144869842640206]
[2, -1, 8.144869842640206]
[2, -7, 7.126761112310177]
[0, -6, 15.541741434425695]
[0, -3, 7.563093425308762]
[1, -1, 2.4933275028490423]
[0, -5, 10.471975511965978]
[0, -3, 7.563093425308762]
[2, -3, 8.144869842640206]
[2, -8, 10.47197551196598]
[2, -6, 7.126761112310177]
[2, -2, 8.144869842640206]
[2, -6, 7.126761112310177]
[0, -2, 7.563093425308762]
[0, -6, 15.541741434425695]
[2, -2, 8.144869842640206]
[0, -2, 7.563093425308762]
[1, -1, 2.4933275028490423]
[0, -4, 10.471975511965978]
[2, -3, 8.144869842640206]
[0, -2, 7.563093425308762]
[0, -5, 10.471975511965978]
[0, -3, 7.563093425308762]
[2, -4, 4.072434921320103]
[0, -2, 7.563093425308762]
[2, -4, 4.072434921320103]
[1, -1, 2.4933275028490423]
[0, -2, 7.563093425308762]
[1, -5, 10.471975511965978]
[1, -5, 10.471975511965978]
[0, -2, 7.563093425308762]
[2, -3, 8.144869842640206]
[2, -7, 7.126761112310177]
[0, -6, 15.541741434425695]
[1, -4, 10.471975511965978]
[2, -3, 8.144869842640206]
[2, -1, 8.144869842640206]
[1, -6, 15.541741434425695]
[2, -6, 7.126761112310177]
[2, -3, 8.144869842640206]
[1, -2, 7.563093425308762]
[2, -5, 4.072434921320103]
[0, -1, 2.4933275028490423]
[2, -3, 8.144869842640206]
[0, -3, 7.563093425308762]
[1, -2, 7.563093425308762]
[2, -4, 4.072434921320103]
[2, -1, 8.144869842640206]
[1, -1, 2.4933275028490423]
[1, -2, 7.563093425308762]
[0, -3, 7.563093425308762]
[0, -4, 10.471975511965978]
[2, -8, 10.47197551196598]
[1, -6, 15.541741434425695]
[2, -2, 8.144869842640206]
[2, -1, 8.144869842640206]
[2, -7, 7.126761112310177]
[0, -4, 10.471975511965978]
[1, -3, 7.563093425308762]
[2, -2, 8.144869842640206]
[0, -1, 2.4933275028490423]
[0, -6, 15.541741434425695]
[2, -7, 7.126761112310177]
[1, -2, 7.563093425308762]
[2, -7, 7.126761112310177]
[1, -3, 7.563093425308762]
[0, -3, 7.563093425308762]
[1, -3, 7.563093425308762]
[0, -1, 2.4933275028490423]
[1, -3, 7.563093425308762]
[2, -4, 4.072434921320103]
[2, -7, 7.126761112310177]
[1, -5, 10.471975511965978]
[2, -3, 8.144869842640206]
[2, -8, 10.47197551196598]
[0, -1, 2.4933275028490423]
[2, -9, 10.47197551196598]
[0, -2, 7.563093425308762]
[1, -1, 2.4933275028490423]
[2, -2, 8.144869842640206]
[0, -4, 10.471975511965978]
[2, -5, 4.072434921320103]
[2, -4, 4.072434921320103]
[1, -5, 10.471975511965978]
[0, -4, 10.471975511965978]
[0, -1, 2.4933275028490423]
[1, -3, 7.563093425308762]
[2, -1, 8.144869842640206]
[2, -3, 8.144869842640206]
[2, -6, 7.126761112310177]
[2, -7, 7.126761112310177]
[1, -5, 10.471975511965978]
[2, -1, 8.144869842640206]
[2, -8, 10.47197551196598]
[2, -7, 7.126761112310177]
[2, -6, 7.126761112310177]
[0, -1, 2.4933275028490423]
[1, -4, 10.471975511965978]
[1, -3, 7.563093425308762]
[1, -6, 15.541741434425695]
[2, -1, 8.144869842640206]
[1, -3, 7.563093425308762]
[1, -6, 15.541741434425695]
[2, -1, 8.144869842640206]
[1, -2, 7.563093425308762]
[1, -3, 7.563093425308762]
[2, -2, 8.144869842640206]
[2, -7, 7.126761112310177]
[2, -5, 4.072434921320103]
[2, -6, 7.126761112310177]
[0, -1, 2.4933275028490423]
[2, -2, 8.144869842640206]
[2, -9, 10.47197551196598]
[1, -1, 2.4933275028490423]
