[216. 335. 117. 163. 306. 358. 161. 300. 238. 246.  28. 285. 331. 300.
  72. 251. 267. 334. 370. 361. 262. 279. 171. 236. 268. 287. 220. 275.
 276. 271. 229. 188. 257. 228. 211. 215. 201. 241. 185. 256. 182. 225.
 223. 159. 299. 143. 227. 228.  49. 242. 184. 224. 305. 249. 234. 175.
 316. 317. 294. 395. 284. 333. 306. 377. 351. 335. 389. 349. 174. 330.
 245. 343. 217. 311. 284. 286. 287. 181. 284. 277.  56. 171. 292. 294.
 279. 300. 207. 319. 113. 313. 243. 261. 151. 317. 311. 363. 257. 267.
  85. 362. 336. 328. 293. 311. 253. 253. 314. 213.  84. 304. 248. 229.
 272. 133.  86. 265. 287. 204. 263. 133. 274. 110. 233. 303. 275. 240.
 287. 189. 258. 291. 159. 290. 250. 255. 246. 172. 152. 221. 225. 117.
 246. 229. 195. 152. 269. 266. 304. 294. 222. 213. 164. 205. 230. 250.
 250. 244. 287. 206. 219. 168. 350.  64. 319. 320. 331. 235. 222.  75.
 285. 323. 274. 306. 291. 254. 264. 104. 321. 292. 254. 281. 319. 278.
 213. 288. 340. 188. 294. 169. 233. 285. 251. 160. 211. 286. 173. 252.
 196.  89. 220. 206. 282. 280. 276. 273. 232. 279. 288. 292. 249. 267.
 249. 199. 290. 234. 246. 144. 290. 192. 211. 272. 319. 296. 116. 263.
 328. 241. 283. 241. 251. 301. 290. 297. 300. 127. 248. 328.  54. 320.
  88. 287. 334. 292. 292. 247. 308. 311. 328. 270. 219. 176. 175. 283.
 246. 305. 244. 238. 241. 200. 242. 317. 264. 201. 214. 299. 268. 186.
 243. 246. 263. 284. 297. 135. 123. 271. 156. 302. 211. 266. 256. 262.
 290. 185. 269. 315. 315. 267. 286. 114. 251. 309. 299. 299. 286. 265.
 214. 327. 172. 297. 306. 245.  60. 262. 195. 326. 210. 225. 254. 278.
 237.  57. 287. 291. 257. 226. 240. 246. 238. 139. 296. 260. 150. 259.
 198. 316. 223. 303. 199. 254. 156. 285. 208. 275. 223. 220. 273. 285.
 209. 175. 252. 234. 315.  94. 229. 215. 253. 253. 226. 211. 262. 192.
 281.  82. 308. 250. 288. 138. 330. 246. 268. 273. 265. 125. 244. 174.
 279. 294. 254. 137. 225. 241. 105. 193. 304. 276. 211. 274. 319. 291.
 158. 300.  82. 318. 286. 268. 138. 260. 303. 309. 308. 254. 167. 338.
 340. 286. 296. 305. 286. 252. 339. 348. 161. 328. 260. 237. 295. 253.
 122. 292. 306. 271. 231. 192. 133.  63. 293. 263. 253. 260. 261. 169.
 298. 301. 282. 208. 266. 249. 242. 238. 246. 264. 266.  56.  81. 246.
 213. 249. 218. 216. 256. 113. 284. 288.  63. 257. 258. 260. 278. 211.
  51. 237. 252. 118. 289. 165. 206.  99. 129. 206. 300. 158. 115. 155.
 208. 232. 206.  60. 286. 269. 171. 280. 125.  44. 256. 180. 249. 298.
 260. 206. 255. 277. 304. 248. 257. 119.  50. 298. 174. 269. 234. 292.
 113. 222. 257. 253. 195. 281. 235. 137. 105. 260. 245. 129. 229. 279.
 251. 272. 242.  60. 265. 219. 204. 292. 253. 264. 240. 261. 261. 266.
  59. 270.  66. 284. 159. 207. 240. 233. 260. 284. 256. 250.  67. 301.
 292. 301. 199. 151. 289. 227. 271. 178. 201. 279. 287. 242. 302. 194.
 334. 317. 245. 271.  60. 284. 122. 157. 206. 148. 290. 309. 280. 196.
 305. 296. 266. 289. 201. 309.  56. 182. 289. 144.  95. 283. 279. 211.
 296. 261. 276. 302. 197. 103. 202. 169. 186. 254. 287. 311. 265. 104.
 258. 237. 253.  75. 223. 265. 299. 145. 286. 290. 313. 256. 282. 202.
 268. 200. 185. 272. 250. 133. 179. 217. 157. 227. 270. 277. 182. 244.
  49. 159. 215.  42. 285. 159. 186. 241. 280. 168. 190. 259. 117. 232.
 141. 144. 310. 258. 257. 245.  72. 273. 282. 246. 268. 277. 121. 274.
 282. 289. 282. 278. 294. 248. 337. 250. 158.  57. 253. 273. 264. 180.
 259. 210. 131. 145.  98.  55. 298. 164. 212. 230. 217. 253. 243. 266.
 191. 227. 268. 158. 228. 263. 262.  61. 219. 262. 205.  76. 229. 219.
 247. 301. 265. 289. 155. 140. 137. 260. 238. 334. 101. 295. 114. 315.
 321. 333. 306. 335. 103. 314. 293. 197. 233.  54. 205.  86. 320. 284.
  94. 289. 238. 255. 179. 258. 183. 231. 321. 318.  66.  53. 299. 297.
 161. 298. 256. 273. 131. 295. 300. 274. 279.  98. 253. 290. 246. 296.
 240. 272. 264. 247. 309. 225. 275.  44. 258. 185. 272.  83. 238. 289.
  94. 248. 287. 280. 282. 292. 264. 148. 177. 284. 253. 292. 294. 271.
 241. 274. 279. 246.  61. 299. 271. 139. 299. 298. 298. 127. 311. 187.
 262. 246. 191. 250. 285. 268. 214. 161. 132. 280. 253. 229. 226. 245.
 149. 197. 245. 239. 277. 207. 279. 227. 211. 282. 260. 223. 208. 298.
 194. 120. 267. 139. 183. 177. 302. 299. 216. 249. 282.  34. 302. 298.
 269. 283. 332. 289. 312. 283. 356. 159. 240.  50. 272. 270. 296. 229.
 319. 197. 233. 294. 267. 265. 111. 258. 301. 264. 283.  49. 310. 225.
 213. 292. 135. 118. 226. 301. 212. 291. 126. 180. 145. 214. 238. 290.
 323. 251. 226. 254. 290. 285.  80.  87. 293. 262. 104. 241. 271. 179.
 199. 235. 267. 278. 188. 276. 234. 245. 231. 265. 273. 271. 255.  99.
 307. 141. 286. 269.  85. 237. 253. 182. 157. 288. 280.  38. 194. 220.
 136. 223. 258. 242. 240. 255. 296. 242. 238. 282.  81. 273. 280. 236.
 295. 161. 288. 111. 251. 278. 294. 300.  96. 273. 288. 247. 290. 210.
 266. 262. 297. 313. 291. 290. 117. 251. 300. 258. 268.  89. 313. 256.
 229. 110. 262. 336. 285. 304. 227. 265. 218.  63.  74. 114.  79.  92.
  64. 307. 168. 290. 226. 289. 285. 291. 245. 243. 138. 307. 303. 343.
 115. 288. 280. 239. 259. 216. 272. 304. 277. 194.  49. 266. 220.  75.
 260. 162. 294. 290. 279. 252.]
[395. 395. 395. 389. 382. 377. 377. 377. 377. 377. 377. 370. 370. 370.
 363. 363. 363. 363. 362. 362. 362. 361. 361. 361. 358. 358. 357. 356.
 355. 354. 351. 351. 350. 350. 350. 350. 350. 350. 349. 349. 348. 347.
 343. 343. 343. 343. 341. 341. 340. 340. 339. 338. 338. 338. 338. 338.
 337. 336. 336. 336. 336. 336. 335. 335. 335. 335. 335. 335. 335. 335.
 334. 334. 334. 334. 334. 333. 333. 333. 333. 333. 332. 332. 331. 331.
 330. 330. 330. 330. 329. 328. 328. 328. 328. 328. 328. 328. 328. 328.
 327. 327. 327. 327. 326. 326. 326. 325. 324. 324. 323. 323. 323. 323.
 323. 322. 321. 321. 321. 321. 321. 321. 321. 320. 320. 320. 320. 319.
 319. 319. 319. 319. 319. 318. 318. 317. 317. 317. 317. 317. 316. 316.
 316. 316. 315. 315. 315. 315. 315. 315. 314. 314. 314. 314. 314. 313.
 313. 313. 313. 313. 313. 313. 312. 312. 312. 312. 312. 311. 311. 311.
 311. 311. 311. 310. 310. 309. 309. 309. 309. 309. 309. 309. 309. 308.
 308. 308. 308. 308. 308. 308. 307. 307. 307. 307. 306. 306. 306. 306.
 306. 306. 306. 306. 306. 305. 305. 305. 305. 305. 305. 305. 305. 304.
 304. 304. 304. 304. 304. 304. 304. 303. 303. 303. 303. 303. 303. 303.
 303. 302. 302. 302. 302. 302. 302. 302. 301. 301. 301. 301. 301. 301.
 301. 301. 301. 301. 300. 300. 300. 300. 300. 300. 300. 300. 300. 300.
 300. 300. 300. 299. 299. 299. 299. 299. 299. 299. 299. 299. 299. 299.
 299. 298. 298. 298. 298. 298. 298. 298. 298. 298. 298. 298. 298. 298.
 297. 297. 297. 297. 297. 297. 297. 297. 296. 296. 296. 296. 296. 296.
 296. 296. 296. 296. 295. 295. 295. 295. 295. 295. 294. 294. 294. 294.
 294. 294. 294. 294. 294. 294. 294. 294. 293. 293. 293. 293. 293. 293.
 293. 293. 292. 292. 292. 292. 292. 292. 292. 292. 292. 292. 292. 292.
 291. 291. 291. 291. 291. 291. 291. 291. 291. 291. 290. 290. 290. 290.
 290. 290. 290. 290. 290. 290. 290. 290. 290. 290. 290. 290. 290. 290.
 289. 289. 289. 289. 289. 289. 289. 289. 289. 289. 288. 288. 288. 288.
 288. 288. 288. 288. 288. 288. 288. 287. 287. 287. 287. 287. 287. 287.
 287. 287. 287. 287. 286. 286. 286. 286. 286. 286. 286. 286. 286. 286.
 286. 286. 285. 285. 285. 285. 285. 285. 285. 285. 285. 285. 285. 284.
 284. 284. 284. 284. 284. 284. 284. 284. 284. 284. 284. 284. 284. 283.
 283. 283. 283. 283. 283. 283. 283. 282. 282. 282. 282. 282. 282. 282.
 282. 282. 282. 282. 281. 281. 281. 281. 281. 280. 280. 280. 280. 280.
 280. 280. 280. 280. 280. 280. 280. 279. 279. 279. 279. 279. 279. 279.
 279. 279. 279. 279. 279. 278. 278. 278. 278. 278. 278. 277. 277. 277.
 277. 277. 277. 277. 277. 276. 276. 276. 276. 276. 275. 275. 275. 275.
 275. 275. 275. 274. 274. 274. 274. 274. 274. 274. 274. 274. 274. 273.
 273. 273. 273. 273. 273. 273. 273. 273. 273. 273. 272. 272. 272. 272.
 272. 272. 272. 272. 272. 272. 272. 272. 271. 271. 271. 271. 271. 271.
 271. 271. 271. 271. 270. 270. 270. 270. 270. 269. 269. 269. 269. 269.
 269. 268. 268. 268. 268. 268. 268. 268. 268. 268. 268. 268. 268. 268.
 267. 267. 267. 267. 267. 267. 267. 267. 267. 267. 266. 266. 266. 266.
 266. 266. 266. 266. 266. 266. 266. 266. 265. 265. 265. 265. 265. 265.
 265. 265. 265. 265. 264. 264. 264. 264. 264. 264. 264. 264. 264. 263.
 263. 263. 263. 263. 263. 262. 262. 262. 262. 262. 262. 262. 262. 262.
 262. 262. 261. 261. 261. 261. 261. 261. 260. 260. 260. 260. 260. 260.
 260. 260. 260. 260. 260. 260. 260. 259. 259. 259. 259. 259. 258. 258.
 258. 258. 258. 258. 258. 258. 258. 258. 257. 257. 257. 257. 257. 257.
 257. 256. 256. 256. 256. 256. 256. 256. 256. 256. 256. 256. 256. 255.
 255. 255. 255. 255. 255. 254. 254. 254. 254. 254. 254. 254. 254. 254.
 254. 253. 253. 253. 253. 253. 253. 253. 253. 253. 253. 253. 253. 253.
 253. 253. 253. 252. 252. 252. 252. 252. 251. 251. 251. 251. 251. 251.
 251. 251. 250. 250. 250. 250. 250. 250. 250. 250. 249. 249. 249. 249.
 249. 249. 249. 249. 248. 248. 248. 248. 248. 248. 247. 247. 247. 247.
 247. 246. 246. 246. 246. 246. 246. 246. 246. 246. 246. 246. 246. 246.
 246. 246. 245. 245. 245. 245. 245. 245. 245. 245. 245. 244. 244. 244.
 244. 243. 243. 243. 243. 242. 242. 242. 242. 242. 242. 242. 242. 242.
 241. 241. 241. 241. 241. 241. 241. 241. 241. 241. 240. 240. 240. 240.
 240. 240. 240. 239. 239. 238. 238. 238. 238. 238. 238. 238. 238. 238.
 238. 237. 237. 237. 237. 237. 237. 237. 236. 236. 236. 236. 235. 235.
 235. 234. 234. 234. 234. 234. 234. 234. 233. 233. 233. 233. 233. 232.
 232. 232. 231. 231. 231. 230. 230. 229. 229. 229. 229. 229. 229. 229.
 229. 229. 228. 228. 228. 228. 227. 227. 227. 227. 227. 227. 226. 226.
 226. 226. 226. 226. 225. 225. 225. 225. 225. 225. 224. 224. 223. 223.
 223. 223. 223. 223. 222. 222. 222. 222. 221. 220. 220. 220. 220. 220.
 220. 219. 219. 219. 219. 219. 218. 218. 217. 217. 217. 216. 216. 216.
 216. 216. 215. 215. 215. 214. 214. 214. 214. 213. 213. 213. 213. 213.
 213. 212. 212. 211. 211. 211. 211. 211. 211. 211. 211. 211. 210. 210.
 210. 209. 208. 208. 208. 208. 207. 207. 207. 206. 206. 206. 206. 206.
 206. 206. 205. 205. 205. 204. 204. 204. 202. 202. 201. 201. 201. 201.
 201. 201. 200. 200. 200. 199. 199. 199. 199. 198. 197. 197. 197. 197.
 196. 196. 195. 195. 195. 194.]
[395. 395. 395. 395. 395. 395. 389. 389. 389. 382. 382. 377. 377. 377.
 377. 377. 377. 377. 377. 377. 370. 370. 370. 370. 370. 370. 370. 370.
 370. 370. 363. 363. 363. 363. 363. 363. 363. 363. 362. 362. 362. 362.
 362. 362. 361. 361. 361. 361. 361. 361. 358. 358. 358. 357. 357. 356.
 355. 355. 355. 355. 354. 354. 354. 351. 351. 351. 350. 350. 350. 350.
 350. 350. 350. 350. 350. 350. 349. 349. 349. 349. 348. 347. 347. 346.
 346. 345. 344. 343. 343. 343. 343. 343. 342. 342. 341. 341. 341. 341.
 341. 341. 340. 340. 339. 338. 338. 338. 338. 338. 338. 337. 336. 336.
 336. 336. 336. 336. 336. 336. 336. 336. 335. 335. 335. 335. 335. 335.
 335. 335. 335. 335. 335. 335. 335. 335. 334. 334. 334. 334. 334. 334.
 333. 333. 333. 333. 333. 333. 333. 332. 332. 332. 332. 331. 331. 330.
 330. 330. 330. 330. 329. 328. 328. 328. 328. 328. 328. 328. 328. 328.
 328. 328. 328. 328. 327. 327. 327. 327. 327. 326. 326. 326. 326. 326.
 326. 326. 325. 325. 324. 324. 323. 323. 323. 323. 323. 323. 323. 323.
 322. 322. 322. 322. 322. 322. 321. 321. 321. 321. 321. 321. 321. 321.
 321. 320. 320. 320. 320. 320. 320. 319. 319. 319. 319. 319. 319. 319.
 318. 318. 318. 317. 317. 317. 317. 317. 317. 317. 316. 316. 316. 316.
 316. 316. 315. 315. 315. 315. 315. 315. 315. 315. 314. 314. 314. 314.
 314. 314. 313. 313. 313. 313. 313. 313. 313. 313. 313. 313. 312. 312.
 312. 312. 312. 312. 311. 311. 311. 311. 311. 311. 310. 310. 310. 310.
 310. 310. 310. 310. 309. 309. 309. 309. 309. 309. 309. 309. 309. 309.
 308. 308. 308. 308. 308. 308. 308. 308. 307. 307. 307. 307. 307. 306.
 306. 306. 306. 306. 306. 306. 306. 306. 306. 305. 305. 305. 305. 305.
 305. 305. 305. 305. 304. 304. 304. 304. 304. 304. 304. 304. 304. 303.
 303. 303. 303. 303. 303. 303. 303. 303. 303. 302. 302. 302. 302. 302.
 302. 302. 302. 302. 302. 302. 302. 301. 301. 301. 301. 301. 301. 301.
 301. 301. 301. 301. 301. 300. 300. 300. 300. 300. 300. 300. 300. 300.
 300. 300. 300. 300. 299. 299. 299. 299. 299. 299. 299. 299. 299. 299.
 299. 299. 299. 299. 298. 298. 298. 298. 298. 298. 298. 298. 298. 298.
 298. 298. 298. 297. 297. 297. 297. 297. 297. 297. 297. 297. 296. 296.
 296. 296. 296. 296. 296. 296. 296. 296. 296. 295. 295. 295. 295. 295.
 295. 295. 295. 294. 294. 294. 294. 294. 294. 294. 294. 294. 294. 294.
 294. 294. 294. 294. 293. 293. 293. 293. 293. 293. 293. 293. 293. 293.
 292. 292. 292. 292. 292. 292. 292. 292. 292. 292. 292. 292. 292. 292.
 291. 291. 291. 291. 291. 291. 291. 291. 291. 291. 291. 291. 291. 291.
 291. 290. 290. 290. 290. 290. 290. 290. 290. 290. 290. 290. 290. 290.
 290. 290. 290. 290. 290. 290. 290. 290. 289. 289. 289. 289. 289. 289.
 289. 289. 289. 289. 289. 288. 288. 288. 288. 288. 288. 288. 288. 288.
 288. 288. 288. 288. 288. 288. 287. 287. 287. 287. 287. 287. 287. 287.
 287. 287. 287. 286. 286. 286. 286. 286. 286. 286. 286. 286. 286. 286.
 286. 286. 286. 286. 285. 285. 285. 285. 285. 285. 285. 285. 285. 285.
 285. 285. 285. 284. 284. 284. 284. 284. 284. 284. 284. 284. 284. 284.
 284. 284. 284. 283. 283. 283. 283. 283. 283. 283. 283. 283. 282. 282.
 282. 282. 282. 282. 282. 282. 282. 282. 282. 282. 281. 281. 281. 281.
 281. 281. 280. 280. 280. 280. 280. 280. 280. 280. 280. 280. 280. 280.
 280. 279. 279. 279. 279. 279. 279. 279. 279. 279. 279. 279. 279. 279.
 279. 279. 278. 278. 278. 278. 278. 278. 278. 278. 277. 277. 277. 277.
 277. 277. 277. 277. 277. 277. 276. 276. 276. 276. 276. 275. 275. 275.
 275. 275. 275. 275. 275. 275. 274. 274. 274. 274. 274. 274. 274. 274.
 274. 274. 274. 274. 274. 273. 273. 273. 273. 273. 273. 273. 273. 273.
 273. 273. 273. 272. 272. 272. 272. 272. 272. 272. 272. 272. 272. 272.
 272. 272. 272. 272. 271. 271. 271. 271. 271. 271. 271. 271. 271. 271.
 271. 270. 270. 270. 270. 270. 270. 270. 270. 269. 269. 269. 269. 269.
 269. 268. 268. 268. 268. 268. 268. 268. 268. 268. 268. 268. 268. 268.
 268. 268. 268. 267. 267. 267. 267. 267. 267. 267. 267. 267. 267. 267.
 267. 266. 266. 266. 266. 266. 266. 266. 266. 266. 266. 266. 266. 266.
 266. 266. 265. 265. 265. 265. 265. 265. 265. 265. 265. 265. 265. 265.
 264. 264. 264. 264. 264. 264. 264. 264. 264. 264. 263. 263. 263. 263.
 263. 263. 263. 263. 262. 262. 262. 262. 262. 262. 262. 262. 262. 262.
 262. 262. 262. 261. 261. 261. 261. 261. 261. 260. 260. 260. 260. 260.
 260. 260. 260. 260. 260. 260. 260. 260. 259. 259. 259. 259. 259. 259.
 258. 258. 258. 258. 258. 258. 258. 258. 258. 258. 257. 257. 257. 257.
 257. 257. 257. 256. 256. 256. 256. 256. 256. 256. 256. 256. 256. 256.
 256. 256. 255. 255. 255. 255. 255. 255. 255. 254. 254. 254. 254. 254.
 254. 254. 254. 254. 254. 254. 253. 253. 253. 253. 253. 253. 253. 253.
 253. 253. 253. 253. 253. 253. 253. 253. 253. 252. 252. 252. 252. 252.
 252. 251. 251. 251. 251. 251. 251. 251. 251. 251. 250. 250. 250. 250.
 250. 250. 250. 250. 250. 250. 249. 249. 249. 249. 249. 249. 249. 249.
 249. 249. 249. 248. 248. 248. 248. 248. 248. 248. 247. 247. 247. 247.
 247. 247. 247. 246. 246. 246. 246. 246. 246. 246. 246. 246. 246. 246.
 246. 246. 246. 246. 246. 245. 245. 245. 245. 245. 245. 245. 245. 245.
 244. 244. 244. 244. 244. 244.]
[400. 395. 395. 395. 395. 395. 395. 395. 395. 395. 389. 389. 389. 389.
 389. 389. 389. 389. 389. 389. 389. 382. 382. 382. 382. 382. 382. 377.
 377. 377. 377. 377. 377. 377. 377. 377. 377. 377. 377. 377. 377. 377.
 377. 377. 377. 377. 377. 377. 375. 370. 370. 370. 370. 370. 370. 370.
 370. 370. 370. 370. 370. 364. 363. 363. 363. 363. 363. 363. 363. 363.
 363. 363. 363. 363. 363. 363. 362. 362. 362. 362. 362. 362. 362. 362.
 362. 362. 361. 361. 361. 361. 361. 361. 361. 361. 361. 361. 361. 361.
 358. 358. 358. 357. 357. 357. 356. 355. 355. 355. 355. 355. 355. 355.
 355. 355. 355. 354. 354. 354. 354. 354. 352. 351. 351. 351. 350. 350.
 350. 350. 350. 350. 350. 350. 350. 350. 350. 350. 349. 349. 349. 349.
 348. 348. 347. 347. 347. 347. 346. 346. 345. 345. 345. 345. 344. 344.
 343. 343. 343. 343. 343. 343. 343. 343. 342. 342. 342. 342. 341. 341.
 341. 341. 341. 341. 341. 341. 340. 340. 340. 340. 339. 339. 339. 339.
 338. 338. 338. 338. 338. 338. 338. 338. 337. 336. 336. 336. 336. 336.
 336. 336. 336. 336. 336. 336. 336. 336. 335. 335. 335. 335. 335. 335.
 335. 335. 335. 335. 335. 335. 335. 335. 335. 335. 334. 334. 334. 334.
 334. 334. 334. 333. 333. 333. 333. 333. 333. 333. 333. 333. 332. 332.
 332. 332. 332. 331. 331. 330. 330. 330. 330. 330. 330. 330. 330. 329.
 329. 329. 328. 328. 328. 328. 328. 328. 328. 328. 328. 328. 328. 328.
 328. 328. 328. 328. 327. 327. 327. 327. 327. 327. 327. 327. 326. 326.
 326. 326. 326. 326. 326. 326. 325. 325. 325. 325. 324. 324. 323. 323.
 323. 323. 323. 323. 323. 323. 323. 323. 323. 322. 322. 322. 322. 322.
 322. 322. 321. 321. 321. 321. 321. 321. 321. 321. 321. 321. 321. 320.
 320. 320. 320. 320. 320. 320. 320. 320. 319. 319. 319. 319. 319. 319.
 319. 319. 319. 319. 318. 318. 318. 317. 317. 317. 317. 317. 317. 317.
 317. 316. 316. 316. 316. 316. 316. 316. 315. 315. 315. 315. 315. 315.
 315. 315. 314. 314. 314. 314. 314. 314. 314. 313. 313. 313. 313. 313.
 313. 313. 313. 313. 313. 313. 313. 313. 313. 312. 312. 312. 312. 312.
 312. 312. 312. 311. 311. 311. 311. 311. 311. 311. 311. 311. 311. 310.
 310. 310. 310. 310. 310. 310. 310. 310. 310. 309. 309. 309. 309. 309.
 309. 309. 309. 309. 309. 309. 309. 309. 309. 308. 308. 308. 308. 308.
 308. 308. 308. 308. 307. 307. 307. 307. 307. 307. 306. 306. 306. 306.
 306. 306. 306. 306. 306. 306. 306. 306. 306. 305. 305. 305. 305. 305.
 305. 305. 305. 305. 305. 304. 304. 304. 304. 304. 304. 304. 304. 304.
 304. 304. 303. 303. 303. 303. 303. 303. 303. 303. 303. 303. 303. 303.
 302. 302. 302. 302. 302. 302. 302. 302. 302. 302. 302. 302. 302. 302.
 301. 301. 301. 301. 301. 301. 301. 301. 301. 301. 301. 301. 301. 301.
 301. 301. 301. 300. 300. 300. 300. 300. 300. 300. 300. 300. 300. 300.
 300. 300. 300. 300. 300. 299. 299. 299. 299. 299. 299. 299. 299. 299.
 299. 299. 299. 299. 299. 298. 298. 298. 298. 298. 298. 298. 298. 298.
 298. 298. 298. 298. 298. 297. 297. 297. 297. 297. 297. 297. 297. 297.
 297. 296. 296. 296. 296. 296. 296. 296. 296. 296. 296. 296. 296. 296.
 296. 295. 295. 295. 295. 295. 295. 295. 295. 295. 294. 294. 294. 294.
 294. 294. 294. 294. 294. 294. 294. 294. 294. 294. 294. 294. 294. 294.
 293. 293. 293. 293. 293. 293. 293. 293. 293. 293. 293. 293. 293. 293.
 292. 292. 292. 292. 292. 292. 292. 292. 292. 292. 292. 292. 292. 292.
 292. 292. 292. 291. 291. 291. 291. 291. 291. 291. 291. 291. 291. 291.
 291. 291. 291. 291. 291. 290. 290. 290. 290. 290. 290. 290. 290. 290.
 290. 290. 290. 290. 290. 290. 290. 290. 290. 290. 290. 290. 289. 289.
 289. 289. 289. 289. 289. 289. 289. 289. 289. 289. 289. 288. 288. 288.
 288. 288. 288. 288. 288. 288. 288. 288. 288. 288. 288. 288. 288. 288.
 287. 287. 287. 287. 287. 287. 287. 287. 287. 287. 287. 286. 286. 286.
 286. 286. 286. 286. 286. 286. 286. 286. 286. 286. 286. 286. 285. 285.
 285. 285. 285. 285. 285. 285. 285. 285. 285. 285. 285. 285. 285. 285.
 284. 284. 284. 284. 284. 284. 284. 284. 284. 284. 284. 284. 284. 284.
 284. 283. 283. 283. 283. 283. 283. 283. 283. 283. 283. 283. 282. 282.
 282. 282. 282. 282. 282. 282. 282. 282. 282. 282. 282. 281. 281. 281.
 281. 281. 281. 281. 281. 281. 280. 280. 280. 280. 280. 280. 280. 280.
 280. 280. 280. 280. 280. 280. 280. 279. 279. 279. 279. 279. 279. 279.
 279. 279. 279. 279. 279. 279. 279. 279. 279. 278. 278. 278. 278. 278.
 278. 278. 278. 278. 277. 277. 277. 277. 277. 277. 277. 277. 277. 277.
 276. 276. 276. 276. 276. 276. 276. 276. 275. 275. 275. 275. 275. 275.
 275. 275. 275. 274. 274. 274. 274. 274. 274. 274. 274. 274. 274. 274.
 274. 274. 274. 273. 273. 273. 273. 273. 273. 273. 273. 273. 273. 273.
 273. 273. 272. 272. 272. 272. 272. 272. 272. 272. 272. 272. 272. 272.
 272. 272. 272. 271. 271. 271. 271. 271. 271. 271. 271. 271. 271. 271.
 271. 271. 271. 271. 270. 270. 270. 270. 270. 270. 270. 270. 270. 269.
 269. 269. 269. 269. 269. 269. 269. 268. 268. 268. 268. 268. 268. 268.
 268. 268. 268. 268. 268. 268. 268. 268. 268. 268. 267. 267. 267. 267.
 267. 267. 267. 267. 267. 267. 267. 267. 267. 266. 266. 266. 266. 266.
 266. 266. 266. 266. 266. 266. 266. 266. 266. 266. 265. 265. 265. 265.
 265. 265. 265. 265. 265. 265.]
[400. 400. 395. 395. 395. 395. 395. 395. 395. 395. 395. 395. 395. 395.
 395. 395. 395. 395. 395. 395. 394. 389. 389. 389. 389. 389. 389. 389.
 389. 389. 389. 389. 389. 389. 389. 389. 389. 389. 389. 389. 382. 382.
 382. 382. 382. 382. 382. 382. 382. 380. 377. 377. 377. 377. 377. 377.
 377. 377. 377. 377. 377. 377. 377. 377. 377. 377. 377. 377. 377. 377.
 377. 377. 377. 377. 377. 377. 377. 377. 377. 377. 377. 377. 377. 377.
 375. 374. 370. 370. 370. 370. 370. 370. 370. 370. 370. 370. 370. 370.
 370. 370. 370. 370. 370. 370. 369. 367. 364. 363. 363. 363. 363. 363.
 363. 363. 363. 363. 363. 363. 363. 363. 363. 363. 363. 363. 363. 362.
 362. 362. 362. 362. 362. 362. 362. 362. 362. 362. 362. 362. 362. 361.
 361. 361. 361. 361. 361. 361. 361. 361. 361. 361. 361. 361. 361. 360.
 358. 358. 358. 357. 357. 357. 357. 357. 357. 356. 356. 356. 355. 355.
 355. 355. 355. 355. 355. 355. 355. 355. 355. 354. 354. 354. 354. 354.
 354. 352. 352. 352. 352. 351. 351. 351. 351. 350. 350. 350. 350. 350.
 350. 350. 350. 350. 350. 350. 350. 350. 350. 350. 349. 349. 349. 349.
 349. 348. 348. 347. 347. 347. 347. 347. 347. 346. 346. 346. 345. 345.
 345. 345. 345. 345. 344. 344. 344. 344. 343. 343. 343. 343. 343. 343.
 343. 343. 343. 343. 342. 342. 342. 342. 342. 341. 341. 341. 341. 341.
 341. 341. 341. 341. 340. 340. 340. 340. 340. 340. 339. 339. 339. 339.
 339. 339. 338. 338. 338. 338. 338. 338. 338. 338. 338. 337. 336. 336.
 336. 336. 336. 336. 336. 336. 336. 336. 336. 336. 336. 336. 336. 336.
 335. 335. 335. 335. 335. 335. 335. 335. 335. 335. 335. 335. 335. 335.
 335. 335. 335. 335. 334. 334. 334. 334. 334. 334. 334. 334. 334. 333.
 333. 333. 333. 333. 333. 333. 333. 333. 333. 333. 333. 333. 332. 332.
 332. 332. 332. 332. 332. 331. 331. 331. 331. 331. 331. 330. 330. 330.
 330. 330. 330. 330. 330. 330. 330. 329. 329. 329. 329. 329. 328. 328.
 328. 328. 328. 328. 328. 328. 328. 328. 328. 328. 328. 328. 328. 328.
 328. 327. 327. 327. 327. 327. 327. 327. 327. 327. 327. 326. 326. 326.
 326. 326. 326. 326. 326. 326. 326. 325. 325. 325. 325. 325. 325. 325.
 325. 325. 325. 325. 324. 324. 323. 323. 323. 323. 323. 323. 323. 323.
 323. 323. 323. 323. 323. 323. 322. 322. 322. 322. 322. 322. 322. 322.
 321. 321. 321. 321. 321. 321. 321. 321. 321. 321. 321. 321. 321. 321.
 321. 320. 320. 320. 320. 320. 320. 320. 320. 320. 320. 320. 320. 319.
 319. 319. 319. 319. 319. 319. 319. 319. 319. 319. 319. 319. 318. 318.
 318. 318. 317. 317. 317. 317. 317. 317. 317. 317. 316. 316. 316. 316.
 316. 316. 316. 316. 315. 315. 315. 315. 315. 315. 315. 315. 315. 315.
 315. 315. 314. 314. 314. 314. 314. 314. 314. 314. 313. 313. 313. 313.
 313. 313. 313. 313. 313. 313. 313. 313. 313. 313. 313. 313. 313. 313.
 312. 312. 312. 312. 312. 312. 312. 312. 311. 311. 311. 311. 311. 311.
 311. 311. 311. 311. 311. 311. 311. 311. 310. 310. 310. 310. 310. 310.
 310. 310. 310. 310. 310. 310. 310. 310. 309. 309. 309. 309. 309. 309.
 309. 309. 309. 309. 309. 309. 309. 309. 309. 309. 308. 308. 308. 308.
 308. 308. 308. 308. 308. 308. 307. 307. 307. 307. 307. 307. 307. 307.
 307. 306. 306. 306. 306. 306. 306. 306. 306. 306. 306. 306. 306. 306.
 305. 305. 305. 305. 305. 305. 305. 305. 305. 305. 305. 305. 305. 305.
 305. 304. 304. 304. 304. 304. 304. 304. 304. 304. 304. 304. 304. 304.
 303. 303. 303. 303. 303. 303. 303. 303. 303. 303. 303. 303. 303. 303.
 302. 302. 302. 302. 302. 302. 302. 302. 302. 302. 302. 302. 302. 302.
 301. 301. 301. 301. 301. 301. 301. 301. 301. 301. 301. 301. 301. 301.
 301. 301. 301. 301. 301. 301. 300. 300. 300. 300. 300. 300. 300. 300.
 300. 300. 300. 300. 300. 300. 300. 300. 300. 300. 300. 299. 299. 299.
 299. 299. 299. 299. 299. 299. 299. 299. 299. 299. 299. 299. 298. 298.
 298. 298. 298. 298. 298. 298. 298. 298. 298. 298. 298. 298. 298. 297.
 297. 297. 297. 297. 297. 297. 297. 297. 297. 297. 297. 297. 297. 297.
 296. 296. 296. 296. 296. 296. 296. 296. 296. 296. 296. 296. 296. 296.
 296. 295. 295. 295. 295. 295. 295. 295. 295. 295. 295. 294. 294. 294.
 294. 294. 294. 294. 294. 294. 294. 294. 294. 294. 294. 294. 294. 294.
 294. 294. 294. 293. 293. 293. 293. 293. 293. 293. 293. 293. 293. 293.
 293. 293. 293. 293. 292. 292. 292. 292. 292. 292. 292. 292. 292. 292.
 292. 292. 292. 292. 292. 292. 292. 292. 292. 291. 291. 291. 291. 291.
 291. 291. 291. 291. 291. 291. 291. 291. 291. 291. 291. 291. 291. 290.
 290. 290. 290. 290. 290. 290. 290. 290. 290. 290. 290. 290. 290. 290.
 290. 290. 290. 290. 290. 290. 289. 289. 289. 289. 289. 289. 289. 289.
 289. 289. 289. 289. 289. 288. 288. 288. 288. 288. 288. 288. 288. 288.
 288. 288. 288. 288. 288. 288. 288. 288. 288. 287. 287. 287. 287. 287.
 287. 287. 287. 287. 287. 287. 287. 287. 286. 286. 286. 286. 286. 286.
 286. 286. 286. 286. 286. 286. 286. 286. 286. 286. 285. 285. 285. 285.
 285. 285. 285. 285. 285. 285. 285. 285. 285. 285. 285. 285. 285. 285.
 284. 284. 284. 284. 284. 284. 284. 284. 284. 284. 284. 284. 284. 284.
 284. 284. 284. 283. 283. 283. 283. 283. 283. 283. 283. 283. 283. 283.
 282. 282. 282. 282. 282. 282. 282. 282. 282. 282. 282. 282. 282. 281.
 281. 281. 281. 281. 281. 281.]
[411. 404. 400. 400. 400. 400. 400. 400. 395. 395. 395. 395. 395. 395.
 395. 395. 395. 395. 395. 395. 395. 395. 395. 395. 395. 395. 395. 395.
 395. 395. 395. 395. 395. 395. 395. 395. 395. 395. 394. 394. 391. 389.
 389. 389. 389. 389. 389. 389. 389. 389. 389. 389. 389. 389. 389. 389.
 389. 389. 389. 389. 389. 389. 389. 389. 389. 389. 389. 389. 389. 389.
 389. 389. 389. 389. 389. 382. 382. 382. 382. 382. 382. 382. 382. 382.
 382. 382. 382. 380. 378. 377. 377. 377. 377. 377. 377. 377. 377. 377.
 377. 377. 377. 377. 377. 377. 377. 377. 377. 377. 377. 377. 377. 377.
 377. 377. 377. 377. 377. 377. 377. 377. 377. 377. 377. 377. 377. 377.
 377. 377. 377. 377. 377. 377. 377. 377. 377. 377. 377. 377. 375. 375.
 375. 375. 374. 373. 372. 371. 370. 370. 370. 370. 370. 370. 370. 370.
 370. 370. 370. 370. 370. 370. 370. 370. 370. 370. 370. 370. 370. 370.
 369. 367. 367. 367. 366. 365. 364. 364. 364. 363. 363. 363. 363. 363.
 363. 363. 363. 363. 363. 363. 363. 363. 363. 363. 363. 363. 363. 363.
 362. 362. 362. 362. 362. 362. 362. 362. 362. 362. 362. 362. 362. 362.
 362. 362. 361. 361. 361. 361. 361. 361. 361. 361. 361. 361. 361. 361.
 361. 361. 361. 361. 361. 360. 359. 359. 359. 359. 358. 358. 358. 358.
 358. 358. 357. 357. 357. 357. 357. 357. 357. 357. 357. 356. 356. 356.
 356. 355. 355. 355. 355. 355. 355. 355. 355. 355. 355. 355. 355. 355.
 354. 354. 354. 354. 354. 354. 352. 352. 352. 352. 352. 352. 352. 352.
 351. 351. 351. 351. 351. 350. 350. 350. 350. 350. 350. 350. 350. 350.
 350. 350. 350. 350. 350. 350. 350. 350. 349. 349. 349. 349. 349. 349.
 349. 348. 348. 347. 347. 347. 347. 347. 347. 347. 347. 347. 347. 346.
 346. 346. 345. 345. 345. 345. 345. 345. 344. 344. 344. 344. 344. 343.
 343. 343. 343. 343. 343. 343. 343. 343. 343. 343. 342. 342. 342. 342.
 342. 342. 342. 341. 341. 341. 341. 341. 341. 341. 341. 341. 341. 341.
 340. 340. 340. 340. 340. 340. 340. 340. 340. 340. 339. 339. 339. 339.
 339. 339. 339. 338. 338. 338. 338. 338. 338. 338. 338. 338. 337. 337.
 336. 336. 336. 336. 336. 336. 336. 336. 336. 336. 336. 336. 336. 336.
 336. 336. 336. 335. 335. 335. 335. 335. 335. 335. 335. 335. 335. 335.
 335. 335. 335. 335. 335. 335. 335. 335. 335. 334. 334. 334. 334. 334.
 334. 334. 334. 334. 334. 334. 333. 333. 333. 333. 333. 333. 333. 333.
 333. 333. 333. 333. 333. 333. 333. 332. 332. 332. 332. 332. 332. 332.
 332. 332. 331. 331. 331. 331. 331. 331. 331. 331. 331. 331. 330. 330.
 330. 330. 330. 330. 330. 330. 330. 330. 330. 330. 329. 329. 329. 329.
 329. 329. 329. 329. 328. 328. 328. 328. 328. 328. 328. 328. 328. 328.
 328. 328. 328. 328. 328. 328. 328. 328. 328. 328. 327. 327. 327. 327.
 327. 327. 327. 327. 327. 327. 327. 327. 327. 327. 326. 326. 326. 326.
 326. 326. 326. 326. 326. 326. 326. 326. 326. 325. 325. 325. 325. 325.
 325. 325. 325. 325. 325. 325. 325. 324. 324. 324. 324. 324. 324. 323.
 323. 323. 323. 323. 323. 323. 323. 323. 323. 323. 323. 323. 323. 323.
 323. 322. 322. 322. 322. 322. 322. 322. 322. 322. 322. 322. 322. 322.
 321. 321. 321. 321. 321. 321. 321. 321. 321. 321. 321. 321. 321. 321.
 321. 321. 321. 320. 320. 320. 320. 320. 320. 320. 320. 320. 320. 320.
 320. 320. 320. 319. 319. 319. 319. 319. 319. 319. 319. 319. 319. 319.
 319. 319. 319. 319. 318. 318. 318. 318. 318. 317. 317. 317. 317. 317.
 317. 317. 317. 317. 317. 317. 316. 316. 316. 316. 316. 316. 316. 316.
 316. 315. 315. 315. 315. 315. 315. 315. 315. 315. 315. 315. 315. 315.
 314. 314. 314. 314. 314. 314. 314. 314. 314. 314. 313. 313. 313. 313.
 313. 313. 313. 313. 313. 313. 313. 313. 313. 313. 313. 313. 313. 313.
 313. 313. 312. 312. 312. 312. 312. 312. 312. 312. 311. 311. 311. 311.
 311. 311. 311. 311. 311. 311. 311. 311. 311. 311. 311. 311. 311. 310.
 310. 310. 310. 310. 310. 310. 310. 310. 310. 310. 310. 310. 310. 310.
 309. 309. 309. 309. 309. 309. 309. 309. 309. 309. 309. 309. 309. 309.
 309. 309. 308. 308. 308. 308. 308. 308. 308. 308. 308. 308. 308. 307.
 307. 307. 307. 307. 307. 307. 307. 307. 306. 306. 306. 306. 306. 306.
 306. 306. 306. 306. 306. 306. 306. 306. 305. 305. 305. 305. 305. 305.
 305. 305. 305. 305. 305. 305. 305. 305. 305. 305. 305. 304. 304. 304.
 304. 304. 304. 304. 304. 304. 304. 304. 304. 304. 304. 304. 304. 303.
 303. 303. 303. 303. 303. 303. 303. 303. 303. 303. 303. 303. 303. 303.
 303. 302. 302. 302. 302. 302. 302. 302. 302. 302. 302. 302. 302. 302.
 302. 302. 301. 301. 301. 301. 301. 301. 301. 301. 301. 301. 301. 301.
 301. 301. 301. 301. 301. 301. 301. 301. 300. 300. 300. 300. 300. 300.
 300. 300. 300. 300. 300. 300. 300. 300. 300. 300. 300. 300. 300. 300.
 299. 299. 299. 299. 299. 299. 299. 299. 299. 299. 299. 299. 299. 299.
 299. 299. 298. 298. 298. 298. 298. 298. 298. 298. 298. 298. 298. 298.
 298. 298. 298. 298. 297. 297. 297. 297. 297. 297. 297. 297. 297. 297.
 297. 297. 297. 297. 297. 297. 297. 297. 296. 296. 296. 296. 296. 296.
 296. 296. 296. 296. 296. 296. 296. 296. 296. 296. 296. 295. 295. 295.
 295. 295. 295. 295. 295. 295. 295. 295. 294. 294. 294. 294. 294. 294.
 294. 294. 294. 294. 294. 294. 294. 294. 294. 294. 294. 294. 294. 294.
 294. 294. 293. 293. 293. 293.]
[419. 411. 404. 404. 400. 400. 400. 400. 400. 400. 400. 400. 400. 400.
 400. 400. 397. 396. 395. 395. 395. 395. 395. 395. 395. 395. 395. 395.
 395. 395. 395. 395. 395. 395. 395. 395. 395. 395. 395. 395. 395. 395.
 395. 395. 395. 395. 395. 395. 395. 395. 395. 395. 395. 395. 395. 395.
 395. 395. 395. 395. 395. 395. 395. 395. 394. 394. 391. 390. 390. 389.
 389. 389. 389. 389. 389. 389. 389. 389. 389. 389. 389. 389. 389. 389.
 389. 389. 389. 389. 389. 389. 389. 389. 389. 389. 389. 389. 389. 389.
 389. 389. 389. 389. 389. 389. 389. 389. 389. 389. 389. 389. 389. 389.
 387. 387. 382. 382. 382. 382. 382. 382. 382. 382. 382. 382. 382. 382.
 382. 382. 382. 380. 380. 379. 379. 378. 377. 377. 377. 377. 377. 377.
 377. 377. 377. 377. 377. 377. 377. 377. 377. 377. 377. 377. 377. 377.
 377. 377. 377. 377. 377. 377. 377. 377. 377. 377. 377. 377. 377. 377.
 377. 377. 377. 377. 377. 377. 377. 377. 377. 377. 377. 377. 377. 377.
 377. 377. 377. 377. 377. 377. 377. 377. 376. 376. 376. 375. 375. 375.
 375. 375. 374. 374. 373. 373. 372. 371. 371. 371. 370. 370. 370. 370.
 370. 370. 370. 370. 370. 370. 370. 370. 370. 370. 370. 370. 370. 370.
 370. 370. 370. 370. 370. 370. 370. 370. 370. 370. 369. 369. 369. 369.
 368. 367. 367. 367. 367. 366. 366. 366. 365. 364. 364. 364. 363. 363.
 363. 363. 363. 363. 363. 363. 363. 363. 363. 363. 363. 363. 363. 363.
 363. 363. 363. 363. 362. 362. 362. 362. 362. 362. 362. 362. 362. 362.
 362. 362. 362. 362. 362. 362. 362. 361. 361. 361. 361. 361. 361. 361.
 361. 361. 361. 361. 361. 361. 361. 361. 361. 361. 360. 360. 360. 359.
 359. 359. 359. 358. 358. 358. 358. 358. 358. 358. 358. 358. 357. 357.
 357. 357. 357. 357. 357. 357. 357. 357. 356. 356. 356. 356. 356. 355.
 355. 355. 355. 355. 355. 355. 355. 355. 355. 355. 355. 355. 354. 354.
 354. 354. 354. 354. 354. 354. 353. 352. 352. 352. 352. 352. 352. 352.
 352. 352. 351. 351. 351. 351. 351. 351. 351. 351. 350. 350. 350. 350.
 350. 350. 350. 350. 350. 350. 350. 350. 350. 350. 350. 350. 350. 350.
 350. 349. 349. 349. 349. 349. 349. 349. 349. 348. 348. 348. 347. 347.
 347. 347. 347. 347. 347. 347. 347. 347. 347. 347. 346. 346. 346. 346.
 346. 346. 346. 345. 345. 345. 345. 345. 345. 344. 344. 344. 344. 344.
 344. 343. 343. 343. 343. 343. 343. 343. 343. 343. 343. 343. 342. 342.
 342. 342. 342. 342. 342. 342. 341. 341. 341. 341. 341. 341. 341. 341.
 341. 341. 341. 340. 340. 340. 340. 340. 340. 340. 340. 340. 340. 340.
 340. 339. 339. 339. 339. 339. 339. 339. 339. 339. 338. 338. 338. 338.
 338. 338. 338. 338. 338. 337. 337. 337. 336. 336. 336. 336. 336. 336.
 336. 336. 336. 336. 336. 336. 336. 336. 336. 336. 336. 335. 335. 335.
 335. 335. 335. 335. 335. 335. 335. 335. 335. 335. 335. 335. 335. 335.
 335. 335. 335. 334. 334. 334. 334. 334. 334. 334. 334. 334. 334. 334.
 333. 333. 333. 333. 333. 333. 333. 333. 333. 333. 333. 333. 333. 333.
 333. 333. 333. 333. 332. 332. 332. 332. 332. 332. 332. 332. 332. 332.
 332. 331. 331. 331. 331. 331. 331. 331. 331. 331. 331. 331. 331. 330.
 330. 330. 330. 330. 330. 330. 330. 330. 330. 330. 330. 329. 329. 329.
 329. 329. 329. 329. 329. 329. 329. 328. 328. 328. 328. 328. 328. 328.
 328. 328. 328. 328. 328. 328. 328. 328. 328. 328. 328. 328. 328. 328.
 327. 327. 327. 327. 327. 327. 327. 327. 327. 327. 327. 327. 327. 327.
 327. 327. 327. 326. 326. 326. 326. 326. 326. 326. 326. 326. 326. 326.
 326. 326. 326. 325. 325. 325. 325. 325. 325. 325. 325. 325. 325. 325.
 325. 325. 325. 325. 324. 324. 324. 324. 324. 324. 324. 324. 324. 323.
 323. 323. 323. 323. 323. 323. 323. 323. 323. 323. 323. 323. 323. 323.
 323. 323. 323. 323. 322. 322. 322. 322. 322. 322. 322. 322. 322. 322.
 322. 322. 322. 322. 322. 322. 322. 321. 321. 321. 321. 321. 321. 321.
 321. 321. 321. 321. 321. 321. 321. 321. 321. 321. 321. 321. 321. 320.
 320. 320. 320. 320. 320. 320. 320. 320. 320. 320. 320. 320. 320. 320.
 320. 319. 319. 319. 319. 319. 319. 319. 319. 319. 319. 319. 319. 319.
 319. 319. 319. 319. 318. 318. 318. 318. 318. 318. 318. 317. 317. 317.
 317. 317. 317. 317. 317. 317. 317. 317. 317. 316. 316. 316. 316. 316.
 316. 316. 316. 316. 316. 315. 315. 315. 315. 315. 315. 315. 315. 315.
 315. 315. 315. 315. 315. 314. 314. 314. 314. 314. 314. 314. 314. 314.
 314. 314. 314. 314. 313. 313. 313. 313. 313. 313. 313. 313. 313. 313.
 313. 313. 313. 313. 313. 313. 313. 313. 313. 313. 313. 312. 312. 312.
 312. 312. 312. 312. 312. 312. 312. 311. 311. 311. 311. 311. 311. 311.
 311. 311. 311. 311. 311. 311. 311. 311. 311. 311. 311. 311. 311. 311.
 310. 310. 310. 310. 310. 310. 310. 310. 310. 310. 310. 310. 310. 310.
 310. 310. 309. 309. 309. 309. 309. 309. 309. 309. 309. 309. 309. 309.
 309. 309. 309. 309. 308. 308. 308. 308. 308. 308. 308. 308. 308. 308.
 308. 308. 308. 308. 308. 307. 307. 307. 307. 307. 307. 307. 307. 307.
 307. 307. 307. 306. 306. 306. 306. 306. 306. 306. 306. 306. 306. 306.
 306. 306. 306. 306. 305. 305. 305. 305. 305. 305. 305. 305. 305. 305.
 305. 305. 305. 305. 305. 305. 305. 305. 305. 305. 304. 304. 304. 304.
 304. 304. 304. 304. 304. 304. 304. 304. 304. 304. 304. 304. 304. 303.
 303. 303. 303. 303. 303. 303.]
[419. 411. 411. 409. 404. 404. 404. 404. 400. 400. 400. 400. 400. 400.
 400. 400. 400. 400. 400. 400. 400. 400. 400. 400. 400. 400. 400. 400.
 400. 399. 397. 397. 396. 395. 395. 395. 395. 395. 395. 395. 395. 395.
 395. 395. 395. 395. 395. 395. 395. 395. 395. 395. 395. 395. 395. 395.
 395. 395. 395. 395. 395. 395. 395. 395. 395. 395. 395. 395. 395. 395.
 395. 395. 395. 395. 395. 395. 395. 395. 395. 395. 395. 395. 395. 395.
 395. 395. 395. 395. 395. 395. 395. 395. 395. 395. 395. 395. 395. 395.
 395. 395. 395. 395. 395. 395. 395. 395. 395. 395. 395. 395. 394. 394.
 394. 394. 391. 390. 390. 389. 389. 389. 389. 389. 389. 389. 389. 389.
 389. 389. 389. 389. 389. 389. 389. 389. 389. 389. 389. 389. 389. 389.
 389. 389. 389. 389. 389. 389. 389. 389. 389. 389. 389. 389. 389. 389.
 389. 389. 389. 389. 389. 389. 389. 389. 389. 389. 389. 389. 389. 387.
 387. 382. 382. 382. 382. 382. 382. 382. 382. 382. 382. 382. 382. 382.
 382. 382. 382. 380. 380. 379. 379. 379. 378. 377. 377. 377. 377. 377.
 377. 377. 377. 377. 377. 377. 377. 377. 377. 377. 377. 377. 377. 377.
 377. 377. 377. 377. 377. 377. 377. 377. 377. 377. 377. 377. 377. 377.
 377. 377. 377. 377. 377. 377. 377. 377. 377. 377. 377. 377. 377. 377.
 377. 377. 377. 377. 377. 377. 377. 377. 377. 377. 377. 377. 377. 377.
 377. 376. 376. 376. 375. 375. 375. 375. 375. 374. 374. 373. 373. 372.
 371. 371. 371. 371. 370. 370. 370. 370. 370. 370. 370. 370. 370. 370.
 370. 370. 370. 370. 370. 370. 370. 370. 370. 370. 370. 370. 370. 370.
 370. 370. 370. 370. 370. 369. 369. 369. 369. 368. 367. 367. 367. 367.
 366. 366. 366. 365. 364. 364. 364. 363. 363. 363. 363. 363. 363. 363.
 363. 363. 363. 363. 363. 363. 363. 363. 363. 363. 363. 363. 363. 362.
 362. 362. 362. 362. 362. 362. 362. 362. 362. 362. 362. 362. 362. 362.
 362. 362. 362. 361. 361. 361. 361. 361. 361. 361. 361. 361. 361. 361.
 361. 361. 361. 361. 361. 361. 360. 360. 360. 360. 359. 359. 359. 359.
 358. 358. 358. 358. 358. 358. 358. 358. 358. 358. 357. 357. 357. 357.
 357. 357. 357. 357. 357. 357. 357. 356. 356. 356. 356. 356. 355. 355.
 355. 355. 355. 355. 355. 355. 355. 355. 355. 355. 355. 355. 354. 354.
 354. 354. 354. 354. 354. 354. 353. 353. 352. 352. 352. 352. 352. 352.
 352. 352. 352. 351. 351. 351. 351. 351. 351. 351. 351. 351. 350. 350.
 350. 350. 350. 350. 350. 350. 350. 350. 350. 350. 350. 350. 350. 350.
 350. 350. 350. 350. 349. 349. 349. 349. 349. 349. 349. 349. 349. 349.
 348. 348. 348. 348. 348. 347. 347. 347. 347. 347. 347. 347. 347. 347.
 347. 347. 347. 347. 347. 346. 346. 346. 346. 346. 346. 346. 345. 345.
 345. 345. 345. 345. 345. 344. 344. 344. 344. 344. 344. 343. 343. 343.
 343. 343. 343. 343. 343. 343. 343. 343. 343. 343. 342. 342. 342. 342.
 342. 342. 342. 342. 342. 341. 341. 341. 341. 341. 341. 341. 341. 341.
 341. 341. 341. 340. 340. 340. 340. 340. 340. 340. 340. 340. 340. 340.
 340. 339. 339. 339. 339. 339. 339. 339. 339. 339. 339. 338. 338. 338.
 338. 338. 338. 338. 338. 338. 337. 337. 337. 336. 336. 336. 336. 336.
 336. 336. 336. 336. 336. 336. 336. 336. 336. 336. 336. 336. 336. 335.
 335. 335. 335. 335. 335. 335. 335. 335. 335. 335. 335. 335. 335. 335.
 335. 335. 335. 335. 335. 335. 335. 334. 334. 334. 334. 334. 334. 334.
 334. 334. 334. 334. 333. 333. 333. 333. 333. 333. 333. 333. 333. 333.
 333. 333. 333. 333. 333. 333. 333. 333. 333. 332. 332. 332. 332. 332.
 332. 332. 332. 332. 332. 332. 332. 332. 331. 331. 331. 331. 331. 331.
 331. 331. 331. 331. 331. 331. 330. 330. 330. 330. 330. 330. 330. 330.
 330. 330. 330. 330. 329. 329. 329. 329. 329. 329. 329. 329. 329. 329.
 329. 328. 328. 328. 328. 328. 328. 328. 328. 328. 328. 328. 328. 328.
 328. 328. 328. 328. 328. 328. 328. 328. 328. 328. 327. 327. 327. 327.
 327. 327. 327. 327. 327. 327. 327. 327. 327. 327. 327. 327. 327. 326.
 326. 326. 326. 326. 326. 326. 326. 326. 326. 326. 326. 326. 326. 326.
 326. 326. 325. 325. 325. 325. 325. 325. 325. 325. 325. 325. 325. 325.
 325. 325. 325. 325. 324. 324. 324. 324. 324. 324. 324. 324. 324. 324.
 324. 324. 324. 323. 323. 323. 323. 323. 323. 323. 323. 323. 323. 323.
 323. 323. 323. 323. 323. 323. 323. 323. 323. 323. 323. 322. 322. 322.
 322. 322. 322. 322. 322. 322. 322. 322. 322. 322. 322. 322. 322. 322.
 322. 322. 322. 321. 321. 321. 321. 321. 321. 321. 321. 321. 321. 321.
 321. 321. 321. 321. 321. 321. 321. 321. 321. 321. 321. 320. 320. 320.
 320. 320. 320. 320. 320. 320. 320. 320. 320. 320. 320. 320. 320. 319.
 319. 319. 319. 319. 319. 319. 319. 319. 319. 319. 319. 319. 319. 319.
 319. 319. 319. 319. 319. 319. 318. 318. 318. 318. 318. 318. 318. 318.
 318. 317. 317. 317. 317. 317. 317. 317. 317. 317. 317. 317. 317. 316.
 316. 316. 316. 316. 316. 316. 316. 316. 316. 316. 316. 316. 315. 315.
 315. 315. 315. 315. 315. 315. 315. 315. 315. 315. 315. 315. 315. 315.
 315. 314. 314. 314. 314. 314. 314. 314. 314. 314. 314. 314. 314. 314.
 314. 313. 313. 313. 313. 313. 313. 313. 313. 313. 313. 313. 313. 313.
 313. 313. 313. 313. 313. 313. 313. 313. 313. 313. 312. 312. 312. 312.
 312. 312. 312. 312. 312. 312. 312. 312. 311. 311. 311. 311. 311. 311.
 311. 311. 311. 311. 311. 311.]
[455. 419. 411. 411. 411. 409. 404. 404. 404. 404. 404. 404. 404. 404.
 400. 400. 400. 400. 400. 400. 400. 400. 400. 400. 400. 400. 400. 400.
 400. 400. 400. 400. 400. 400. 400. 400. 400. 400. 400. 400. 400. 400.
 400. 400. 400. 400. 400. 400. 400. 400. 400. 400. 400. 400. 400. 400.
 400. 400. 400. 399. 397. 397. 397. 396. 395. 395. 395. 395. 395. 395.
 395. 395. 395. 395. 395. 395. 395. 395. 395. 395. 395. 395. 395. 395.
 395. 395. 395. 395. 395. 395. 395. 395. 395. 395. 395. 395. 395. 395.
 395. 395. 395. 395. 395. 395. 395. 395. 395. 395. 395. 395. 395. 395.
 395. 395. 395. 395. 395. 395. 395. 395. 395. 395. 395. 395. 395. 395.
 395. 395. 395. 395. 395. 395. 395. 395. 395. 395. 395. 395. 395. 395.
 395. 395. 395. 395. 395. 395. 395. 395. 395. 395. 395. 395. 395. 395.
 395. 395. 395. 395. 395. 395. 395. 395. 395. 395. 395. 395. 395. 394.
 394. 394. 394. 394. 391. 390. 390. 389. 389. 389. 389. 389. 389. 389.
 389. 389. 389. 389. 389. 389. 389. 389. 389. 389. 389. 389. 389. 389.
 389. 389. 389. 389. 389. 389. 389. 389. 389. 389. 389. 389. 389. 389.
 389. 389. 389. 389. 389. 389. 389. 389. 389. 389. 389. 389. 389. 389.
 389. 389. 387. 387. 385. 382. 382. 382. 382. 382. 382. 382. 382. 382.
 382. 382. 382. 382. 382. 382. 382. 380. 380. 379. 379. 379. 378. 377.
 377. 377. 377. 377. 377. 377. 377. 377. 377. 377. 377. 377. 377. 377.
 377. 377. 377. 377. 377. 377. 377. 377. 377. 377. 377. 377. 377. 377.
 377. 377. 377. 377. 377. 377. 377. 377. 377. 377. 377. 377. 377. 377.
 377. 377. 377. 377. 377. 377. 377. 377. 377. 377. 377. 377. 377. 377.
 377. 377. 377. 377. 377. 376. 376. 376. 375. 375. 375. 375. 375. 374.
 374. 373. 373. 372. 371. 371. 371. 371. 370. 370. 370. 370. 370. 370.
 370. 370. 370. 370. 370. 370. 370. 370. 370. 370. 370. 370. 370. 370.
 370. 370. 370. 370. 370. 370. 370. 370. 370. 369. 369. 369. 369. 369.
 368. 367. 367. 367. 367. 366. 366. 366. 365. 364. 364. 364. 364. 363.
 363. 363. 363. 363. 363. 363. 363. 363. 363. 363. 363. 363. 363. 363.
 363. 363. 363. 363. 363. 363. 362. 362. 362. 362. 362. 362. 362. 362.
 362. 362. 362. 362. 362. 362. 362. 362. 362. 362. 361. 361. 361. 361.
 361. 361. 361. 361. 361. 361. 361. 361. 361. 361. 361. 361. 361. 360.
 360. 360. 360. 359. 359. 359. 359. 359. 358. 358. 358. 358. 358. 358.
 358. 358. 358. 358. 357. 357. 357. 357. 357. 357. 357. 357. 357. 357.
 357. 356. 356. 356. 356. 356. 355. 355. 355. 355. 355. 355. 355. 355.
 355. 355. 355. 355. 355. 355. 354. 354. 354. 354. 354. 354. 354. 354.
 353. 353. 352. 352. 352. 352. 352. 352. 352. 352. 352. 351. 351. 351.
 351. 351. 351. 351. 351. 351. 350. 350. 350. 350. 350. 350. 350. 350.
 350. 350. 350. 350. 350. 350. 350. 350. 350. 350. 350. 350. 350. 349.
 349. 349. 349. 349. 349. 349. 349. 349. 349. 348. 348. 348. 348. 348.
 347. 347. 347. 347. 347. 347. 347. 347. 347. 347. 347. 347. 347. 347.
 347. 346. 346. 346. 346. 346. 346. 346. 346. 345. 345. 345. 345. 345.
 345. 345. 344. 344. 344. 344. 344. 344. 344. 343. 343. 343. 343. 343.
 343. 343. 343. 343. 343. 343. 343. 343. 343. 342. 342. 342. 342. 342.
 342. 342. 342. 342. 342. 341. 341. 341. 341. 341. 341. 341. 341. 341.
 341. 341. 341. 341. 340. 340. 340. 340. 340. 340. 340. 340. 340. 340.
 340. 340. 340. 339. 339. 339. 339. 339. 339. 339. 339. 339. 339. 338.
 338. 338. 338. 338. 338. 338. 338. 338. 337. 337. 337. 336. 336. 336.
 336. 336. 336. 336. 336. 336. 336. 336. 336. 336. 336. 336. 336. 336.
 336. 335. 335. 335. 335. 335. 335. 335. 335. 335. 335. 335. 335. 335.
 335. 335. 335. 335. 335. 335. 335. 335. 335. 334. 334. 334. 334. 334.
 334. 334. 334. 334. 334. 334. 334. 333. 333. 333. 333. 333. 333. 333.
 333. 333. 333. 333. 333. 333. 333. 333. 333. 333. 333. 333. 332. 332.
 332. 332. 332. 332. 332. 332. 332. 332. 332. 332. 332. 331. 331. 331.
 331. 331. 331. 331. 331. 331. 331. 331. 331. 330. 330. 330. 330. 330.
 330. 330. 330. 330. 330. 330. 330. 329. 329. 329. 329. 329. 329. 329.
 329. 329. 329. 329. 329. 328. 328. 328. 328. 328. 328. 328. 328. 328.
 328. 328. 328. 328. 328. 328. 328. 328. 328. 328. 328. 328. 328. 328.
 328. 327. 327. 327. 327. 327. 327. 327. 327. 327. 327. 327. 327. 327.
 327. 327. 327. 327. 327. 326. 326. 326. 326. 326. 326. 326. 326. 326.
 326. 326. 326. 326. 326. 326. 326. 326. 326. 325. 325. 325. 325. 325.
 325. 325. 325. 325. 325. 325. 325. 325. 325. 325. 325. 324. 324. 324.
 324. 324. 324. 324. 324. 324. 324. 324. 324. 324. 324. 323. 323. 323.
 323. 323. 323. 323. 323. 323. 323. 323. 323. 323. 323. 323. 323. 323.
 323. 323. 323. 323. 323. 323. 323. 322. 322. 322. 322. 322. 322. 322.
 322. 322. 322. 322. 322. 322. 322. 322. 322. 322. 322. 322. 322. 322.
 321. 321. 321. 321. 321. 321. 321. 321. 321. 321. 321. 321. 321. 321.
 321. 321. 321. 321. 321. 321. 321. 321. 321. 321. 321. 320. 320. 320.
 320. 320. 320. 320. 320. 320. 320. 320. 320. 320. 320. 320. 320. 319.
 319. 319. 319. 319. 319. 319. 319. 319. 319. 319. 319. 319. 319. 319.
 319. 319. 319. 319. 319. 319. 319. 319. 318. 318. 318. 318. 318. 318.
 318. 318. 318. 318. 318. 317. 317. 317. 317. 317. 317. 317. 317. 317.
 317. 317. 317. 317. 316. 316.]
[455. 419. 419. 419. 419. 411. 411. 411. 411. 411. 411. 411. 411. 409.
 409. 404. 404. 404. 404. 404. 404. 404. 404. 404. 404. 404. 404. 404.
 404. 400. 400. 400. 400. 400. 400. 400. 400. 400. 400. 400. 400. 400.
 400. 400. 400. 400. 400. 400. 400. 400. 400. 400. 400. 400. 400. 400.
 400. 400. 400. 400. 400. 400. 400. 400. 400. 400. 400. 400. 400. 400.
 400. 400. 400. 400. 400. 400. 400. 400. 400. 400. 400. 400. 400. 400.
 400. 400. 400. 400. 400. 400. 400. 400. 400. 400. 400. 400. 400. 400.
 400. 400. 399. 397. 397. 397. 397. 396. 395. 395. 395. 395. 395. 395.
 395. 395. 395. 395. 395. 395. 395. 395. 395. 395. 395. 395. 395. 395.
 395. 395. 395. 395. 395. 395. 395. 395. 395. 395. 395. 395. 395. 395.
 395. 395. 395. 395. 395. 395. 395. 395. 395. 395. 395. 395. 395. 395.
 395. 395. 395. 395. 395. 395. 395. 395. 395. 395. 395. 395. 395. 395.
 395. 395. 395. 395. 395. 395. 395. 395. 395. 395. 395. 395. 395. 395.
 395. 395. 395. 395. 395. 395. 395. 395. 395. 395. 395. 395. 395. 395.
 395. 395. 395. 395. 395. 395. 395. 395. 395. 395. 395. 395. 395. 395.
 395. 395. 395. 395. 395. 395. 395. 395. 395. 394. 394. 394. 394. 394.
 391. 390. 390. 389. 389. 389. 389. 389. 389. 389. 389. 389. 389. 389.
 389. 389. 389. 389. 389. 389. 389. 389. 389. 389. 389. 389. 389. 389.
 389. 389. 389. 389. 389. 389. 389. 389. 389. 389. 389. 389. 389. 389.
 389. 389. 389. 389. 389. 389. 389. 389. 389. 389. 389. 389. 389. 389.
 387. 387. 387. 385. 382. 382. 382. 382. 382. 382. 382. 382. 382. 382.
 382. 382. 382. 382. 382. 382. 382. 380. 380. 379. 379. 379. 378. 377.
 377. 377. 377. 377. 377. 377. 377. 377. 377. 377. 377. 377. 377. 377.
 377. 377. 377. 377. 377. 377. 377. 377. 377. 377. 377. 377. 377. 377.
 377. 377. 377. 377. 377. 377. 377. 377. 377. 377. 377. 377. 377. 377.
 377. 377. 377. 377. 377. 377. 377. 377. 377. 377. 377. 377. 377. 377.
 377. 377. 377. 377. 377. 377. 376. 376. 376. 375. 375. 375. 375. 375.
 374. 374. 373. 373. 372. 371. 371. 371. 371. 370. 370. 370. 370. 370.
 370. 370. 370. 370. 370. 370. 370. 370. 370. 370. 370. 370. 370. 370.
 370. 370. 370. 370. 370. 370. 370. 370. 370. 370. 369. 369. 369. 369.
 369. 368. 368. 367. 367. 367. 367. 366. 366. 366. 365. 364. 364. 364.
 364. 363. 363. 363. 363. 363. 363. 363. 363. 363. 363. 363. 363. 363.
 363. 363. 363. 363. 363. 363. 363. 363. 363. 363. 362. 362. 362. 362.
 362. 362. 362. 362. 362. 362. 362. 362. 362. 362. 362. 362. 362. 362.
 361. 361. 361. 361. 361. 361. 361. 361. 361. 361. 361. 361. 361. 361.
 361. 361. 361. 360. 360. 360. 360. 359. 359. 359. 359. 359. 358. 358.
 358. 358. 358. 358. 358. 358. 358. 358. 357. 357. 357. 357. 357. 357.
 357. 357. 357. 357. 357. 357. 356. 356. 356. 356. 356. 355. 355. 355.
 355. 355. 355. 355. 355. 355. 355. 355. 355. 355. 355. 354. 354. 354.
 354. 354. 354. 354. 354. 353. 353. 353. 352. 352. 352. 352. 352. 352.
 352. 352. 352. 352. 351. 351. 351. 351. 351. 351. 351. 351. 351. 351.
 350. 350. 350. 350. 350. 350. 350. 350. 350. 350. 350. 350. 350. 350.
 350. 350. 350. 350. 350. 350. 350. 350. 350. 349. 349. 349. 349. 349.
 349. 349. 349. 349. 349. 348. 348. 348. 348. 348. 347. 347. 347. 347.
 347. 347. 347. 347. 347. 347. 347. 347. 347. 347. 347. 346. 346. 346.
 346. 346. 346. 346. 346. 346. 345. 345. 345. 345. 345. 345. 345. 345.
 344. 344. 344. 344. 344. 344. 344. 343. 343. 343. 343. 343. 343. 343.
 343. 343. 343. 343. 343. 343. 343. 343. 342. 342. 342. 342. 342. 342.
 342. 342. 342. 342. 342. 342. 341. 341. 341. 341. 341. 341. 341. 341.
 341. 341. 341. 341. 341. 340. 340. 340. 340. 340. 340. 340. 340. 340.
 340. 340. 340. 340. 340. 339. 339. 339. 339. 339. 339. 339. 339. 339.
 339. 339. 339. 339. 338. 338. 338. 338. 338. 338. 338. 338. 338. 338.
 338. 338. 337. 337. 337. 336. 336. 336. 336. 336. 336. 336. 336. 336.
 336. 336. 336. 336. 336. 336. 336. 336. 336. 336. 336. 336. 335. 335.
 335. 335. 335. 335. 335. 335. 335. 335. 335. 335. 335. 335. 335. 335.
 335. 335. 335. 335. 335. 335. 335. 334. 334. 334. 334. 334. 334. 334.
 334. 334. 334. 334. 334. 334. 334. 333. 333. 333. 333. 333. 333. 333.
 333. 333. 333. 333. 333. 333. 333. 333. 333. 333. 333. 333. 333. 332.
 332. 332. 332. 332. 332. 332. 332. 332. 332. 332. 332. 332. 332. 331.
 331. 331. 331. 331. 331. 331. 331. 331. 331. 331. 331. 331. 330. 330.
 330. 330. 330. 330. 330. 330. 330. 330. 330. 330. 329. 329. 329. 329.
 329. 329. 329. 329. 329. 329. 329. 329. 329. 328. 328. 328. 328. 328.
 328. 328. 328. 328. 328. 328. 328. 328. 328. 328. 328. 328. 328. 328.
 328. 328. 328. 328. 328. 327. 327. 327. 327. 327. 327. 327. 327. 327.
 327. 327. 327. 327. 327. 327. 327. 327. 327. 326. 326. 326. 326. 326.
 326. 326. 326. 326. 326. 326. 326. 326. 326. 326. 326. 326. 326. 326.
 326. 325. 325. 325. 325. 325. 325. 325. 325. 325. 325. 325. 325. 325.
 325. 325. 325. 325. 325. 325. 324. 324. 324. 324. 324. 324. 324. 324.
 324. 324. 324. 324. 324. 324. 324. 324. 323. 323. 323. 323. 323. 323.
 323. 323. 323. 323. 323. 323. 323. 323. 323. 323. 323. 323. 323. 323.
 323. 323. 323. 323. 323. 323. 323. 322. 322. 322. 322. 322. 322. 322.
 322. 322. 322. 322. 322. 322.]
[455. 455. 419. 419. 419. 419. 419. 419. 419. 411. 411. 411. 411. 411.
 411. 411. 411. 411. 411. 411. 411. 411. 411. 411. 409. 409. 409. 409.
 404. 404. 404. 404. 404. 404. 404. 404. 404. 404. 404. 404. 404. 404.
 404. 404. 404. 400. 400. 400. 400. 400. 400. 400. 400. 400. 400. 400.
 400. 400. 400. 400. 400. 400. 400. 400. 400. 400. 400. 400. 400. 400.
 400. 400. 400. 400. 400. 400. 400. 400. 400. 400. 400. 400. 400. 400.
 400. 400. 400. 400. 400. 400. 400. 400. 400. 400. 400. 400. 400. 400.
 400. 400. 400. 400. 400. 400. 400. 400. 400. 400. 400. 400. 400. 400.
 400. 400. 400. 400. 400. 400. 400. 400. 400. 400. 400. 400. 400. 400.
 400. 400. 400. 400. 400. 400. 400. 400. 400. 400. 400. 400. 400. 399.
 399. 397. 397. 397. 397. 397. 396. 395. 395. 395. 395. 395. 395. 395.
 395. 395. 395. 395. 395. 395. 395. 395. 395. 395. 395. 395. 395. 395.
 395. 395. 395. 395. 395. 395. 395. 395. 395. 395. 395. 395. 395. 395.
 395. 395. 395. 395. 395. 395. 395. 395. 395. 395. 395. 395. 395. 395.
 395. 395. 395. 395. 395. 395. 395. 395. 395. 395. 395. 395. 395. 395.
 395. 395. 395. 395. 395. 395. 395. 395. 395. 395. 395. 395. 395. 395.
 395. 395. 395. 395. 395. 395. 395. 395. 395. 395. 395. 395. 395. 395.
 395. 395. 395. 395. 395. 395. 395. 395. 395. 395. 395. 395. 395. 395.
 395. 395. 395. 395. 395. 395. 395. 395. 395. 395. 395. 395. 395. 395.
 394. 394. 394. 394. 394. 393. 391. 390. 390. 389. 389. 389. 389. 389.
 389. 389. 389. 389. 389. 389. 389. 389. 389. 389. 389. 389. 389. 389.
 389. 389. 389. 389. 389. 389. 389. 389. 389. 389. 389. 389. 389. 389.
 389. 389. 389. 389. 389. 389. 389. 389. 389. 389. 389. 389. 389. 389.
 389. 389. 389. 389. 389. 389. 387. 387. 387. 385. 382. 382. 382. 382.
 382. 382. 382. 382. 382. 382. 382. 382. 382. 382. 382. 382. 382. 380.
 380. 379. 379. 379. 378. 377. 377. 377. 377. 377. 377. 377. 377. 377.
 377. 377. 377. 377. 377. 377. 377. 377. 377. 377. 377. 377. 377. 377.
 377. 377. 377. 377. 377. 377. 377. 377. 377. 377. 377. 377. 377. 377.
 377. 377. 377. 377. 377. 377. 377. 377. 377. 377. 377. 377. 377. 377.
 377. 377. 377. 377. 377. 377. 377. 377. 377. 377. 377. 377. 377. 376.
 376. 376. 375. 375. 375. 375. 375. 374. 374. 373. 373. 372. 371. 371.
 371. 371. 371. 370. 370. 370. 370. 370. 370. 370. 370. 370. 370. 370.
 370. 370. 370. 370. 370. 370. 370. 370. 370. 370. 370. 370. 370. 370.
 370. 370. 370. 370. 369. 369. 369. 369. 369. 368. 368. 367. 367. 367.
 367. 367. 366. 366. 366. 365. 364. 364. 364. 364. 364. 363. 363. 363.
 363. 363. 363. 363. 363. 363. 363. 363. 363. 363. 363. 363. 363. 363.
 363. 363. 363. 363. 363. 363. 363. 362. 362. 362. 362. 362. 362. 362.
 362. 362. 362. 362. 362. 362. 362. 362. 362. 362. 362. 361. 361. 361.
 361. 361. 361. 361. 361. 361. 361. 361. 361. 361. 361. 361. 361. 361.
 360. 360. 360. 360. 359. 359. 359. 359. 359. 358. 358. 358. 358. 358.
 358. 358. 358. 358. 358. 357. 357. 357. 357. 357. 357. 357. 357. 357.
 357. 357. 357. 357. 356. 356. 356. 356. 356. 355. 355. 355. 355. 355.
 355. 355. 355. 355. 355. 355. 355. 355. 355. 355. 354. 354. 354. 354.
 354. 354. 354. 354. 353. 353. 353. 352. 352. 352. 352. 352. 352. 352.
 352. 352. 352. 351. 351. 351. 351. 351. 351. 351. 351. 351. 351. 350.
 350. 350. 350. 350. 350. 350. 350. 350. 350. 350. 350. 350. 350. 350.
 350. 350. 350. 350. 350. 350. 350. 350. 350. 349. 349. 349. 349. 349.
 349. 349. 349. 349. 349. 349. 348. 348. 348. 348. 348. 348. 347. 347.
 347. 347. 347. 347. 347. 347. 347. 347. 347. 347. 347. 347. 347. 347.
 346. 346. 346. 346. 346. 346. 346. 346. 346. 346. 346. 345. 345. 345.
 345. 345. 345. 345. 345. 344. 344. 344. 344. 344. 344. 344. 344. 343.
 343. 343. 343. 343. 343. 343. 343. 343. 343. 343. 343. 343. 343. 343.
 343. 343. 343. 342. 342. 342. 342. 342. 342. 342. 342. 342. 342. 342.
 342. 341. 341. 341. 341. 341. 341. 341. 341. 341. 341. 341. 341. 341.
 341. 340. 340. 340. 340. 340. 340. 340. 340. 340. 340. 340. 340. 340.
 340. 339. 339. 339. 339. 339. 339. 339. 339. 339. 339. 339. 339. 339.
 339. 339. 338. 338. 338. 338. 338. 338. 338. 338. 338. 338. 338. 338.
 338. 337. 337. 337. 337. 336. 336. 336. 336. 336. 336. 336. 336. 336.
 336. 336. 336. 336. 336. 336. 336. 336. 336. 336. 336. 336. 335. 335.
 335. 335. 335. 335. 335. 335. 335. 335. 335. 335. 335. 335. 335. 335.
 335. 335. 335. 335. 335. 335. 335. 335. 334. 334. 334. 334. 334. 334.
 334. 334. 334. 334. 334. 334. 334. 334. 334. 333. 333. 333. 333. 333.
 333. 333. 333. 333. 333. 333. 333. 333. 333. 333. 333. 333. 333. 333.
 333. 333. 332. 332. 332. 332. 332. 332. 332. 332. 332. 332. 332. 332.
 332. 332. 331. 331. 331. 331. 331. 331. 331. 331. 331. 331. 331. 331.
 331. 331. 331. 330. 330. 330. 330. 330. 330. 330. 330. 330. 330. 330.
 330. 329. 329. 329. 329. 329. 329. 329. 329. 329. 329. 329. 329. 329.
 329. 329. 328. 328. 328. 328. 328. 328. 328. 328. 328. 328. 328. 328.
 328. 328. 328. 328. 328. 328. 328. 328. 328. 328. 328. 328. 328. 328.
 327. 327. 327. 327. 327. 327. 327. 327. 327. 327. 327. 327. 327. 327.
 327. 327. 327. 327. 326. 326. 326. 326. 326. 326. 326. 326. 326. 326.
 326. 326. 326. 326. 326. 326.]
[455. 455. 455. 419. 419. 419. 419. 419. 419. 419. 419. 419. 419. 419.
 419. 419. 419. 419. 419. 419. 419. 419. 419. 419. 419. 411. 411. 411.
 411. 411. 411. 411. 411. 411. 411. 411. 411. 411. 411. 411. 411. 411.
 411. 411. 411. 411. 411. 411. 411. 411. 411. 411. 411. 411. 411. 409.
 409. 409. 409. 409. 404. 404. 404. 404. 404. 404. 404. 404. 404. 404.
 404. 404. 404. 404. 404. 404. 404. 404. 404. 404. 404. 404. 401. 400.
 400. 400. 400. 400. 400. 400. 400. 400. 400. 400. 400. 400. 400. 400.
 400. 400. 400. 400. 400. 400. 400. 400. 400. 400. 400. 400. 400. 400.
 400. 400. 400. 400. 400. 400. 400. 400. 400. 400. 400. 400. 400. 400.
 400. 400. 400. 400. 400. 400. 400. 400. 400. 400. 400. 400. 400. 400.
 400. 400. 400. 400. 400. 400. 400. 400. 400. 400. 400. 400. 400. 400.
 400. 400. 400. 400. 400. 400. 400. 400. 400. 400. 400. 400. 400. 400.
 400. 400. 400. 400. 400. 400. 400. 400. 400. 400. 400. 400. 400. 400.
 400. 400. 400. 400. 400. 400. 400. 400. 400. 400. 400. 400. 400. 400.
 400. 400. 400. 400. 400. 400. 400. 400. 399. 399. 399. 397. 397. 397.
 397. 397. 396. 395. 395. 395. 395. 395. 395. 395. 395. 395. 395. 395.
 395. 395. 395. 395. 395. 395. 395. 395. 395. 395. 395. 395. 395. 395.
 395. 395. 395. 395. 395. 395. 395. 395. 395. 395. 395. 395. 395. 395.
 395. 395. 395. 395. 395. 395. 395. 395. 395. 395. 395. 395. 395. 395.
 395. 395. 395. 395. 395. 395. 395. 395. 395. 395. 395. 395. 395. 395.
 395. 395. 395. 395. 395. 395. 395. 395. 395. 395. 395. 395. 395. 395.
 395. 395. 395. 395. 395. 395. 395. 395. 395. 395. 395. 395. 395. 395.
 395. 395. 395. 395. 395. 395. 395. 395. 395. 395. 395. 395. 395. 395.
 395. 395. 395. 395. 395. 395. 395. 395. 395. 395. 395. 394. 394. 394.
 394. 394. 393. 391. 390. 390. 389. 389. 389. 389. 389. 389. 389. 389.
 389. 389. 389. 389. 389. 389. 389. 389. 389. 389. 389. 389. 389. 389.
 389. 389. 389. 389. 389. 389. 389. 389. 389. 389. 389. 389. 389. 389.
 389. 389. 389. 389. 389. 389. 389. 389. 389. 389. 389. 389. 389. 389.
 389. 389. 389. 387. 387. 387. 385. 382. 382. 382. 382. 382. 382. 382.
 382. 382. 382. 382. 382. 382. 382. 382. 382. 382. 380. 380. 379. 379.
 379. 378. 377. 377. 377. 377. 377. 377. 377. 377. 377. 377. 377. 377.
 377. 377. 377. 377. 377. 377. 377. 377. 377. 377. 377. 377. 377. 377.
 377. 377. 377. 377. 377. 377. 377. 377. 377. 377. 377. 377. 377. 377.
 377. 377. 377. 377. 377. 377. 377. 377. 377. 377. 377. 377. 377. 377.
 377. 377. 377. 377. 377. 377. 377. 377. 377. 377. 376. 376. 376. 375.
 375. 375. 375. 375. 374. 374. 374. 373. 373. 372. 371. 371. 371. 371.
 371. 371. 370. 370. 370. 370. 370. 370. 370. 370. 370. 370. 370. 370.
 370. 370. 370. 370. 370. 370. 370. 370. 370. 370. 370. 370. 370. 370.
 370. 370. 370. 370. 369. 369. 369. 369. 369. 368. 368. 368. 368. 367.
 367. 367. 367. 367. 366. 366. 366. 365. 364. 364. 364. 364. 364. 363.
 363. 363. 363. 363. 363. 363. 363. 363. 363. 363. 363. 363. 363. 363.
 363. 363. 363. 363. 363. 363. 363. 363. 363. 362. 362. 362. 362. 362.
 362. 362. 362. 362. 362. 362. 362. 362. 362. 362. 362. 362. 362. 362.
 361. 361. 361. 361. 361. 361. 361. 361. 361. 361. 361. 361. 361. 361.
 361. 361. 361. 360. 360. 360. 360. 360. 359. 359. 359. 359. 359. 358.
 358. 358. 358. 358. 358. 358. 358. 358. 358. 358. 357. 357. 357. 357.
 357. 357. 357. 357. 357. 357. 357. 357. 357. 356. 356. 356. 356. 356.
 355. 355. 355. 355. 355. 355. 355. 355. 355. 355. 355. 355. 355. 355.
 355. 354. 354. 354. 354. 354. 354. 354. 354. 353. 353. 353. 352. 352.
 352. 352. 352. 352. 352. 352. 352. 352. 352. 351. 351. 351. 351. 351.
 351. 351. 351. 351. 351. 350. 350. 350. 350. 350. 350. 350. 350. 350.
 350. 350. 350. 350. 350. 350. 350. 350. 350. 350. 350. 350. 350. 350.
 350. 349. 349. 349. 349. 349. 349. 349. 349. 349. 349. 349. 348. 348.
 348. 348. 348. 348. 347. 347. 347. 347. 347. 347. 347. 347. 347. 347.
 347. 347. 347. 347. 347. 347. 347. 347. 346. 346. 346. 346. 346. 346.
 346. 346. 346. 346. 346. 345. 345. 345. 345. 345. 345. 345. 345. 344.
 344. 344. 344. 344. 344. 344. 344. 344. 343. 343. 343. 343. 343. 343.
 343. 343. 343. 343. 343. 343. 343. 343. 343. 343. 343. 343. 343. 342.
 342. 342. 342. 342. 342. 342. 342. 342. 342. 342. 342. 341. 341. 341.
 341. 341. 341. 341. 341. 341. 341. 341. 341. 341. 341. 340. 340. 340.
 340. 340. 340. 340. 340. 340. 340. 340. 340. 340. 340. 339. 339. 339.
 339. 339. 339. 339. 339. 339. 339. 339. 339. 339. 339. 339. 338. 338.
 338. 338. 338. 338. 338. 338. 338. 338. 338. 338. 338. 337. 337. 337.
 337. 337. 337. 336. 336. 336. 336. 336. 336. 336. 336. 336. 336. 336.
 336. 336. 336. 336. 336. 336. 336. 336. 336. 336. 335. 335. 335. 335.
 335. 335. 335. 335. 335. 335. 335. 335. 335. 335. 335. 335. 335. 335.
 335. 335. 335. 335. 335. 335. 334. 334. 334. 334. 334. 334. 334. 334.
 334. 334. 334. 334. 334. 334. 334. 334. 334. 333. 333. 333. 333. 333.
 333. 333. 333. 333. 333. 333. 333. 333. 333. 333. 333. 333. 333. 333.
 333. 333. 333. 332. 332. 332. 332. 332. 332. 332. 332. 332. 332. 332.
 332. 332. 332. 331. 331. 331. 331. 331. 331. 331. 331. 331. 331. 331.
 331. 331. 331. 331. 330. 330.]
[455. 455. 455. 455. 455. 455. 434. 419. 419. 419. 419. 419. 419. 419.
 419. 419. 419. 419. 419. 419. 419. 419. 419. 419. 419. 419. 419. 419.
 419. 419. 419. 419. 419. 419. 419. 419. 419. 419. 419. 419. 419. 419.
 419. 419. 419. 419. 419. 419. 419. 419. 419. 419. 419. 419. 419. 419.
 419. 419. 411. 411. 411. 411. 411. 411. 411. 411. 411. 411. 411. 411.
 411. 411. 411. 411. 411. 411. 411. 411. 411. 411. 411. 411. 411. 411.
 411. 411. 411. 411. 411. 411. 411. 411. 411. 411. 411. 411. 411. 411.
 411. 411. 411. 411. 411. 411. 411. 411. 411. 411. 411. 411. 411. 411.
 411. 411. 411. 411. 409. 409. 409. 409. 409. 409. 409. 409. 404. 404.
 404. 404. 404. 404. 404. 404. 404. 404. 404. 404. 404. 404. 404. 404.
 404. 404. 404. 404. 404. 404. 404. 404. 404. 404. 404. 404. 404. 404.
 404. 404. 404. 401. 401. 400. 400. 400. 400. 400. 400. 400. 400. 400.
 400. 400. 400. 400. 400. 400. 400. 400. 400. 400. 400. 400. 400. 400.
 400. 400. 400. 400. 400. 400. 400. 400. 400. 400. 400. 400. 400. 400.
 400. 400. 400. 400. 400. 400. 400. 400. 400. 400. 400. 400. 400. 400.
 400. 400. 400. 400. 400. 400. 400. 400. 400. 400. 400. 400. 400. 400.
 400. 400. 400. 400. 400. 400. 400. 400. 400. 400. 400. 400. 400. 400.
 400. 400. 400. 400. 400. 400. 400. 400. 400. 400. 400. 400. 400. 400.
 400. 400. 400. 400. 400. 400. 400. 400. 400. 400. 400. 400. 400. 400.
 400. 400. 400. 400. 400. 400. 400. 400. 400. 400. 400. 400. 400. 400.
 400. 400. 400. 400. 400. 400. 399. 399. 399. 397. 397. 397. 397. 397.
 396. 395. 395. 395. 395. 395. 395. 395. 395. 395. 395. 395. 395. 395.
 395. 395. 395. 395. 395. 395. 395. 395. 395. 395. 395. 395. 395. 395.
 395. 395. 395. 395. 395. 395. 395. 395. 395. 395. 395. 395. 395. 395.
 395. 395. 395. 395. 395. 395. 395. 395. 395. 395. 395. 395. 395. 395.
 395. 395. 395. 395. 395. 395. 395. 395. 395. 395. 395. 395. 395. 395.
 395. 395. 395. 395. 395. 395. 395. 395. 395. 395. 395. 395. 395. 395.
 395. 395. 395. 395. 395. 395. 395. 395. 395. 395. 395. 395. 395. 395.
 395. 395. 395. 395. 395. 395. 395. 395. 395. 395. 395. 395. 395. 395.
 395. 395. 395. 395. 395. 395. 395. 395. 395. 394. 394. 394. 394. 394.
 393. 391. 390. 390. 389. 389. 389. 389. 389. 389. 389. 389. 389. 389.
 389. 389. 389. 389. 389. 389. 389. 389. 389. 389. 389. 389. 389. 389.
 389. 389. 389. 389. 389. 389. 389. 389. 389. 389. 389. 389. 389. 389.
 389. 389. 389. 389. 389. 389. 389. 389. 389. 389. 389. 389. 389. 389.
 389. 387. 387. 387. 385. 384. 382. 382. 382. 382. 382. 382. 382. 382.
 382. 382. 382. 382. 382. 382. 382. 382. 382. 381. 381. 380. 380. 379.
 379. 379. 378. 377. 377. 377. 377. 377. 377. 377. 377. 377. 377. 377.
 377. 377. 377. 377. 377. 377. 377. 377. 377. 377. 377. 377. 377. 377.
 377. 377. 377. 377. 377. 377. 377. 377. 377. 377. 377. 377. 377. 377.
 377. 377. 377. 377. 377. 377. 377. 377. 377. 377. 377. 377. 377. 377.
 377. 377. 377. 377. 377. 377. 377. 377. 377. 377. 377. 376. 376. 376.
 375. 375. 375. 375. 375. 374. 374. 374. 373. 373. 372. 371. 371. 371.
 371. 371. 371. 370. 370. 370. 370. 370. 370. 370. 370. 370. 370. 370.
 370. 370. 370. 370. 370. 370. 370. 370. 370. 370. 370. 370. 370. 370.
 370. 370. 370. 370. 370. 369. 369. 369. 369. 369. 369. 369. 368. 368.
 368. 368. 368. 368. 368. 367. 367. 367. 367. 367. 366. 366. 366. 365.
 364. 364. 364. 364. 364. 363. 363. 363. 363. 363. 363. 363. 363. 363.
 363. 363. 363. 363. 363. 363. 363. 363. 363. 363. 363. 363. 363. 363.
 363. 362. 362. 362. 362. 362. 362. 362. 362. 362. 362. 362. 362. 362.
 362. 362. 362. 362. 362. 362. 362. 361. 361. 361. 361. 361. 361. 361.
 361. 361. 361. 361. 361. 361. 361. 361. 361. 361. 360. 360. 360. 360.
 360. 360. 359. 359. 359. 359. 359. 358. 358. 358. 358. 358. 358. 358.
 358. 358. 358. 358. 357. 357. 357. 357. 357. 357. 357. 357. 357. 357.
 357. 357. 357. 356. 356. 356. 356. 356. 355. 355. 355. 355. 355. 355.
 355. 355. 355. 355. 355. 355. 355. 355. 355. 354. 354. 354. 354. 354.
 354. 354. 354. 353. 353. 353. 353. 352. 352. 352. 352. 352. 352. 352.
 352. 352. 352. 352. 352. 352. 351. 351. 351. 351. 351. 351. 351. 351.
 351. 351. 351. 350. 350. 350. 350. 350. 350. 350. 350. 350. 350. 350.
 350. 350. 350. 350. 350. 350. 350. 350. 350. 350. 350. 350. 350. 349.
 349. 349. 349. 349. 349. 349. 349. 349. 349. 349. 348. 348. 348. 348.
 348. 348. 348. 347. 347. 347. 347. 347. 347. 347. 347. 347. 347. 347.
 347. 347. 347. 347. 347. 347. 347. 347. 347. 346. 346. 346. 346. 346.
 346. 346. 346. 346. 346. 346. 346. 346. 346. 346. 345. 345. 345. 345.
 345. 345. 345. 345. 345. 344. 344. 344. 344. 344. 344. 344. 344. 344.
 343. 343. 343. 343. 343. 343. 343. 343. 343. 343. 343. 343. 343. 343.
 343. 343. 343. 343. 343. 343. 342. 342. 342. 342. 342. 342. 342. 342.
 342. 342. 342. 342. 342. 342. 341. 341. 341. 341. 341. 341. 341. 341.
 341. 341. 341. 341. 341. 341. 341. 340. 340. 340. 340. 340. 340. 340.
 340. 340. 340. 340. 340. 340. 340. 339. 339. 339. 339. 339. 339. 339.
 339. 339. 339. 339. 339. 339. 339. 339. 339. 338. 338. 338. 338. 338.
 338. 338. 338. 338. 338. 338. 338. 338. 337. 337. 337. 337. 337. 337.
 337. 336. 336. 336. 336. 336.]
[455. 455. 455. 455. 455. 455. 455. 455. 455. 434. 434. 419. 419. 419.
 419. 419. 419. 419. 419. 419. 419. 419. 419. 419. 419. 419. 419. 419.
 419. 419. 419. 419. 419. 419. 419. 419. 419. 419. 419. 419. 419. 419.
 419. 419. 419. 419. 419. 419. 419. 419. 419. 419. 419. 419. 419. 419.
 419. 419. 419. 419. 419. 419. 419. 419. 419. 419. 419. 419. 419. 419.
 419. 419. 419. 419. 419. 419. 419. 419. 419. 419. 419. 419. 419. 419.
 419. 419. 419. 419. 419. 419. 419. 419. 419. 419. 419. 419. 419. 411.
 411. 411. 411. 411. 411. 411. 411. 411. 411. 411. 411. 411. 411. 411.
 411. 411. 411. 411. 411. 411. 411. 411. 411. 411. 411. 411. 411. 411.
 411. 411. 411. 411. 411. 411. 411. 411. 411. 411. 411. 411. 411. 411.
 411. 411. 411. 411. 411. 411. 411. 411. 411. 411. 411. 411. 411. 411.
 411. 411. 411. 411. 411. 411. 411. 411. 411. 411. 411. 411. 411. 411.
 409. 409. 409. 409. 409. 409. 409. 409. 404. 404. 404. 404. 404. 404.
 404. 404. 404. 404. 404. 404. 404. 404. 404. 404. 404. 404. 404. 404.
 404. 404. 404. 404. 404. 404. 404. 404. 404. 404. 404. 404. 404. 404.
 404. 404. 404. 401. 401. 400. 400. 400. 400. 400. 400. 400. 400. 400.
 400. 400. 400. 400. 400. 400. 400. 400. 400. 400. 400. 400. 400. 400.
 400. 400. 400. 400. 400. 400. 400. 400. 400. 400. 400. 400. 400. 400.
 400. 400. 400. 400. 400. 400. 400. 400. 400. 400. 400. 400. 400. 400.
 400. 400. 400. 400. 400. 400. 400. 400. 400. 400. 400. 400. 400. 400.
 400. 400. 400. 400. 400. 400. 400. 400. 400. 400. 400. 400. 400. 400.
 400. 400. 400. 400. 400. 400. 400. 400. 400. 400. 400. 400. 400. 400.
 400. 400. 400. 400. 400. 400. 400. 400. 400. 400. 400. 400. 400. 400.
 400. 400. 400. 400. 400. 400. 400. 400. 400. 400. 400. 400. 400. 400.
 400. 400. 400. 400. 400. 400. 399. 399. 399. 397. 397. 397. 397. 397.
 396. 395. 395. 395. 395. 395. 395. 395. 395. 395. 395. 395. 395. 395.
 395. 395. 395. 395. 395. 395. 395. 395. 395. 395. 395. 395. 395. 395.
 395. 395. 395. 395. 395. 395. 395. 395. 395. 395. 395. 395. 395. 395.
 395. 395. 395. 395. 395. 395. 395. 395. 395. 395. 395. 395. 395. 395.
 395. 395. 395. 395. 395. 395. 395. 395. 395. 395. 395. 395. 395. 395.
 395. 395. 395. 395. 395. 395. 395. 395. 395. 395. 395. 395. 395. 395.
 395. 395. 395. 395. 395. 395. 395. 395. 395. 395. 395. 395. 395. 395.
 395. 395. 395. 395. 395. 395. 395. 395. 395. 395. 395. 395. 395. 395.
 395. 395. 395. 395. 395. 395. 395. 395. 395. 394. 394. 394. 394. 394.
 393. 391. 390. 390. 389. 389. 389. 389. 389. 389. 389. 389. 389. 389.
 389. 389. 389. 389. 389. 389. 389. 389. 389. 389. 389. 389. 389. 389.
 389. 389. 389. 389. 389. 389. 389. 389. 389. 389. 389. 389. 389. 389.
 389. 389. 389. 389. 389. 389. 389. 389. 389. 389. 389. 389. 389. 389.
 389. 387. 387. 387. 385. 384. 384. 382. 382. 382. 382. 382. 382. 382.
 382. 382. 382. 382. 382. 382. 382. 382. 382. 382. 381. 381. 380. 380.
 379. 379. 379. 378. 378. 377. 377. 377. 377. 377. 377. 377. 377. 377.
 377. 377. 377. 377. 377. 377. 377. 377. 377. 377. 377. 377. 377. 377.
 377. 377. 377. 377. 377. 377. 377. 377. 377. 377. 377. 377. 377. 377.
 377. 377. 377. 377. 377. 377. 377. 377. 377. 377. 377. 377. 377. 377.
 377. 377. 377. 377. 377. 377. 377. 377. 377. 377. 377. 377. 377. 376.
 376. 376. 375. 375. 375. 375. 375. 375. 374. 374. 374. 373. 373. 372.
 371. 371. 371. 371. 371. 371. 370. 370. 370. 370. 370. 370. 370. 370.
 370. 370. 370. 370. 370. 370. 370. 370. 370. 370. 370. 370. 370. 370.
 370. 370. 370. 370. 370. 370. 370. 370. 369. 369. 369. 369. 369. 369.
 369. 369. 368. 368. 368. 368. 368. 368. 368. 367. 367. 367. 367. 367.
 366. 366. 366. 366. 365. 365. 364. 364. 364. 364. 364. 363. 363. 363.
 363. 363. 363. 363. 363. 363. 363. 363. 363. 363. 363. 363. 363. 363.
 363. 363. 363. 363. 363. 363. 363. 362. 362. 362. 362. 362. 362. 362.
 362. 362. 362. 362. 362. 362. 362. 362. 362. 362. 362. 362. 362. 362.
 361. 361. 361. 361. 361. 361. 361. 361. 361. 361. 361. 361. 361. 361.
 361. 361. 361. 360. 360. 360. 360. 360. 360. 360. 359. 359. 359. 359.
 359. 358. 358. 358. 358. 358. 358. 358. 358. 358. 358. 358. 357. 357.
 357. 357. 357. 357. 357. 357. 357. 357. 357. 357. 357. 357. 356. 356.
 356. 356. 356. 355. 355. 355. 355. 355. 355. 355. 355. 355. 355. 355.
 355. 355. 355. 355. 354. 354. 354. 354. 354. 354. 354. 354. 354. 354.
 353. 353. 353. 353. 352. 352. 352. 352. 352. 352. 352. 352. 352. 352.
 352. 352. 352. 352. 352. 352. 351. 351. 351. 351. 351. 351. 351. 351.
 351. 351. 351. 351. 351. 350. 350. 350. 350. 350. 350. 350. 350. 350.
 350. 350. 350. 350. 350. 350. 350. 350. 350. 350. 350. 350. 350. 350.
 350. 349. 349. 349. 349. 349. 349. 349. 349. 349. 349. 349. 349. 348.
 348. 348. 348. 348. 348. 348. 348. 348. 347. 347. 347. 347. 347. 347.
 347. 347. 347. 347. 347. 347. 347. 347. 347. 347. 347. 347. 347. 347.
 347. 347. 346. 346. 346. 346. 346. 346. 346. 346. 346. 346. 346. 346.
 346. 346. 346. 345. 345. 345. 345. 345. 345. 345. 345. 345. 345. 344.
 344. 344. 344. 344. 344. 344. 344. 344. 344. 343. 343. 343. 343. 343.
 343. 343. 343. 343. 343. 343. 343. 343. 343. 343. 343. 343. 343. 343.
 343. 343. 342. 342. 342. 342.]
[455. 455. 455. 455. 455. 455. 455. 455. 455. 455. 455. 455. 455. 455.
 455. 455. 455. 455. 455. 455. 434. 434. 434. 419. 419. 419. 419. 419.
 419. 419. 419. 419. 419. 419. 419. 419. 419. 419. 419. 419. 419. 419.
 419. 419. 419. 419. 419. 419. 419. 419. 419. 419. 419. 419. 419. 419.
 419. 419. 419. 419. 419. 419. 419. 419. 419. 419. 419. 419. 419. 419.
 419. 419. 419. 419. 419. 419. 419. 419. 419. 419. 419. 419. 419. 419.
 419. 419. 419. 419. 419. 419. 419. 419. 419. 419. 419. 419. 419. 419.
 419. 419. 419. 419. 419. 419. 419. 419. 419. 419. 419. 419. 419. 419.
 419. 419. 419. 419. 419. 419. 419. 419. 419. 419. 419. 419. 419. 419.
 419. 419. 419. 419. 419. 419. 419. 419. 419. 419. 419. 419. 419. 419.
 419. 419. 419. 419. 419. 419. 419. 419. 419. 419. 411. 411. 411. 411.
 411. 411. 411. 411. 411. 411. 411. 411. 411. 411. 411. 411. 411. 411.
 411. 411. 411. 411. 411. 411. 411. 411. 411. 411. 411. 411. 411. 411.
 411. 411. 411. 411. 411. 411. 411. 411. 411. 411. 411. 411. 411. 411.
 411. 411. 411. 411. 411. 411. 411. 411. 411. 411. 411. 411. 411. 411.
 411. 411. 411. 411. 411. 411. 411. 411. 411. 411. 411. 411. 411. 411.
 411. 411. 409. 409. 409. 409. 409. 409. 409. 409. 404. 404. 404. 404.
 404. 404. 404. 404. 404. 404. 404. 404. 404. 404. 404. 404. 404. 404.
 404. 404. 404. 404. 404. 404. 404. 404. 404. 404. 404. 404. 404. 404.
 404. 404. 404. 404. 404. 404. 404. 401. 401. 400. 400. 400. 400. 400.
 400. 400. 400. 400. 400. 400. 400. 400. 400. 400. 400. 400. 400. 400.
 400. 400. 400. 400. 400. 400. 400. 400. 400. 400. 400. 400. 400. 400.
 400. 400. 400. 400. 400. 400. 400. 400. 400. 400. 400. 400. 400. 400.
 400. 400. 400. 400. 400. 400. 400. 400. 400. 400. 400. 400. 400. 400.
 400. 400. 400. 400. 400. 400. 400. 400. 400. 400. 400. 400. 400. 400.
 400. 400. 400. 400. 400. 400. 400. 400. 400. 400. 400. 400. 400. 400.
 400. 400. 400. 400. 400. 400. 400. 400. 400. 400. 400. 400. 400. 400.
 400. 400. 400. 400. 400. 400. 400. 400. 400. 400. 400. 400. 400. 400.
 400. 400. 400. 400. 400. 400. 400. 400. 400. 400. 399. 399. 399. 397.
 397. 397. 397. 397. 396. 395. 395. 395. 395. 395. 395. 395. 395. 395.
 395. 395. 395. 395. 395. 395. 395. 395. 395. 395. 395. 395. 395. 395.
 395. 395. 395. 395. 395. 395. 395. 395. 395. 395. 395. 395. 395. 395.
 395. 395. 395. 395. 395. 395. 395. 395. 395. 395. 395. 395. 395. 395.
 395. 395. 395. 395. 395. 395. 395. 395. 395. 395. 395. 395. 395. 395.
 395. 395. 395. 395. 395. 395. 395. 395. 395. 395. 395. 395. 395. 395.
 395. 395. 395. 395. 395. 395. 395. 395. 395. 395. 395. 395. 395. 395.
 395. 395. 395. 395. 395. 395. 395. 395. 395. 395. 395. 395. 395. 395.
 395. 395. 395. 395. 395. 395. 395. 395. 395. 395. 395. 395. 395. 394.
 394. 394. 394. 394. 393. 391. 390. 390. 389. 389. 389. 389. 389. 389.
 389. 389. 389. 389. 389. 389. 389. 389. 389. 389. 389. 389. 389. 389.
 389. 389. 389. 389. 389. 389. 389. 389. 389. 389. 389. 389. 389. 389.
 389. 389. 389. 389. 389. 389. 389. 389. 389. 389. 389. 389. 389. 389.
 389. 389. 389. 389. 389. 387. 387. 387. 385. 384. 384. 382. 382. 382.
 382. 382. 382. 382. 382. 382. 382. 382. 382. 382. 382. 382. 382. 382.
 381. 381. 380. 380. 379. 379. 379. 378. 378. 377. 377. 377. 377. 377.
 377. 377. 377. 377. 377. 377. 377. 377. 377. 377. 377. 377. 377. 377.
 377. 377. 377. 377. 377. 377. 377. 377. 377. 377. 377. 377. 377. 377.
 377. 377. 377. 377. 377. 377. 377. 377. 377. 377. 377. 377. 377. 377.
 377. 377. 377. 377. 377. 377. 377. 377. 377. 377. 377. 377. 377. 377.
 377. 377. 377. 376. 376. 376. 375. 375. 375. 375. 375. 375. 374. 374.
 374. 373. 373. 372. 371. 371. 371. 371. 371. 371. 370. 370. 370. 370.
 370. 370. 370. 370. 370. 370. 370. 370. 370. 370. 370. 370. 370. 370.
 370. 370. 370. 370. 370. 370. 370. 370. 370. 370. 370. 370. 369. 369.
 369. 369. 369. 369. 369. 369. 368. 368. 368. 368. 368. 368. 368. 368.
 367. 367. 367. 367. 367. 366. 366. 366. 366. 365. 365. 365. 364. 364.
 364. 364. 364. 363. 363. 363. 363. 363. 363. 363. 363. 363. 363. 363.
 363. 363. 363. 363. 363. 363. 363. 363. 363. 363. 363. 363. 363. 363.
 362. 362. 362. 362. 362. 362. 362. 362. 362. 362. 362. 362. 362. 362.
 362. 362. 362. 362. 362. 362. 362. 362. 361. 361. 361. 361. 361. 361.
 361. 361. 361. 361. 361. 361. 361. 361. 361. 361. 361. 360. 360. 360.
 360. 360. 360. 360. 359. 359. 359. 359. 359. 358. 358. 358. 358. 358.
 358. 358. 358. 358. 358. 358. 357. 357. 357. 357. 357. 357. 357. 357.
 357. 357. 357. 357. 357. 357. 357. 356. 356. 356. 356. 356. 356. 355.
 355. 355. 355. 355. 355. 355. 355. 355. 355. 355. 355. 355. 355. 355.
 355. 354. 354. 354. 354. 354. 354. 354. 354. 354. 354. 353. 353. 353.
 353. 353. 352. 352. 352. 352. 352. 352. 352. 352. 352. 352. 352. 352.
 352. 352. 352. 352. 351. 351. 351. 351. 351. 351. 351. 351. 351. 351.
 351. 351. 351. 350. 350. 350. 350. 350. 350. 350. 350. 350. 350. 350.
 350. 350. 350. 350. 350. 350. 350. 350. 350. 350. 350. 350. 350. 350.
 350. 349. 349. 349. 349. 349. 349. 349. 349. 349. 349. 349. 349. 348.
 348. 348. 348. 348. 348. 348. 348. 348. 348. 348. 348. 347. 347. 347.
 347. 347. 347. 347. 347. 347.]
[455. 455. 455. 455. 455. 455. 455. 455. 455. 455. 455. 455. 455. 455.
 455. 455. 455. 455. 455. 455. 455. 455. 455. 455. 455. 455. 455. 455.
 455. 455. 455. 455. 455. 455. 455. 455. 455. 455. 455. 455. 455. 434.
 434. 434. 434. 434. 434. 419. 419. 419. 419. 419. 419. 419. 419. 419.
 419. 419. 419. 419. 419. 419. 419. 419. 419. 419. 419. 419. 419. 419.
 419. 419. 419. 419. 419. 419. 419. 419. 419. 419. 419. 419. 419. 419.
 419. 419. 419. 419. 419. 419. 419. 419. 419. 419. 419. 419. 419. 419.
 419. 419. 419. 419. 419. 419. 419. 419. 419. 419. 419. 419. 419. 419.
 419. 419. 419. 419. 419. 419. 419. 419. 419. 419. 419. 419. 419. 419.
 419. 419. 419. 419. 419. 419. 419. 419. 419. 419. 419. 419. 419. 419.
 419. 419. 419. 419. 419. 419. 419. 419. 419. 419. 419. 419. 419. 419.
 419. 419. 419. 419. 419. 419. 419. 419. 419. 419. 419. 419. 419. 419.
 419. 419. 419. 419. 419. 419. 419. 419. 419. 419. 419. 419. 419. 419.
 419. 419. 419. 419. 419. 419. 419. 419. 419. 419. 419. 419. 419. 419.
 419. 419. 419. 419. 419. 419. 419. 419. 419. 416. 412. 411. 411. 411.
 411. 411. 411. 411. 411. 411. 411. 411. 411. 411. 411. 411. 411. 411.
 411. 411. 411. 411. 411. 411. 411. 411. 411. 411. 411. 411. 411. 411.
 411. 411. 411. 411. 411. 411. 411. 411. 411. 411. 411. 411. 411. 411.
 411. 411. 411. 411. 411. 411. 411. 411. 411. 411. 411. 411. 411. 411.
 411. 411. 411. 411. 411. 411. 411. 411. 411. 411. 411. 411. 411. 411.
 411. 411. 411. 411. 411. 409. 409. 409. 409. 409. 409. 409. 409. 404.
 404. 404. 404. 404. 404. 404. 404. 404. 404. 404. 404. 404. 404. 404.
 404. 404. 404. 404. 404. 404. 404. 404. 404. 404. 404. 404. 404. 404.
 404. 404. 404. 404. 404. 404. 404. 404. 404. 404. 404. 401. 401. 400.
 400. 400. 400. 400. 400. 400. 400. 400. 400. 400. 400. 400. 400. 400.
 400. 400. 400. 400. 400. 400. 400. 400. 400. 400. 400. 400. 400. 400.
 400. 400. 400. 400. 400. 400. 400. 400. 400. 400. 400. 400. 400. 400.
 400. 400. 400. 400. 400. 400. 400. 400. 400. 400. 400. 400. 400. 400.
 400. 400. 400. 400. 400. 400. 400. 400. 400. 400. 400. 400. 400. 400.
 400. 400. 400. 400. 400. 400. 400. 400. 400. 400. 400. 400. 400. 400.
 400. 400. 400. 400. 400. 400. 400. 400. 400. 400. 400. 400. 400. 400.
 400. 400. 400. 400. 400. 400. 400. 400. 400. 400. 400. 400. 400. 400.
 400. 400. 400. 400. 400. 400. 400. 400. 400. 400. 400. 400. 400. 400.
 399. 399. 399. 397. 397. 397. 397. 397. 396. 395. 395. 395. 395. 395.
 395. 395. 395. 395. 395. 395. 395. 395. 395. 395. 395. 395. 395. 395.
 395. 395. 395. 395. 395. 395. 395. 395. 395. 395. 395. 395. 395. 395.
 395. 395. 395. 395. 395. 395. 395. 395. 395. 395. 395. 395. 395. 395.
 395. 395. 395. 395. 395. 395. 395. 395. 395. 395. 395. 395. 395. 395.
 395. 395. 395. 395. 395. 395. 395. 395. 395. 395. 395. 395. 395. 395.
 395. 395. 395. 395. 395. 395. 395. 395. 395. 395. 395. 395. 395. 395.
 395. 395. 395. 395. 395. 395. 395. 395. 395. 395. 395. 395. 395. 395.
 395. 395. 395. 395. 395. 395. 395. 395. 395. 395. 395. 395. 395. 395.
 395. 395. 395. 394. 394. 394. 394. 394. 393. 391. 390. 390. 389. 389.
 389. 389. 389. 389. 389. 389. 389. 389. 389. 389. 389. 389. 389. 389.
 389. 389. 389. 389. 389. 389. 389. 389. 389. 389. 389. 389. 389. 389.
 389. 389. 389. 389. 389. 389. 389. 389. 389. 389. 389. 389. 389. 389.
 389. 389. 389. 389. 389. 389. 389. 389. 389. 388. 387. 387. 387. 385.
 384. 384. 382. 382. 382. 382. 382. 382. 382. 382. 382. 382. 382. 382.
 382. 382. 382. 382. 382. 382. 381. 381. 380. 380. 379. 379. 379. 378.
 378. 378. 377. 377. 377. 377. 377. 377. 377. 377. 377. 377. 377. 377.
 377. 377. 377. 377. 377. 377. 377. 377. 377. 377. 377. 377. 377. 377.
 377. 377. 377. 377. 377. 377. 377. 377. 377. 377. 377. 377. 377. 377.
 377. 377. 377. 377. 377. 377. 377. 377. 377. 377. 377. 377. 377. 377.
 377. 377. 377. 377. 377. 377. 377. 377. 377. 377. 376. 376. 376. 375.
 375. 375. 375. 375. 375. 375. 375. 374. 374. 374. 373. 373. 372. 371.
 371. 371. 371. 371. 371. 370. 370. 370. 370. 370. 370. 370. 370. 370.
 370. 370. 370. 370. 370. 370. 370. 370. 370. 370. 370. 370. 370. 370.
 370. 370. 370. 370. 370. 370. 370. 369. 369. 369. 369. 369. 369. 369.
 369. 369. 368. 368. 368. 368. 368. 368. 368. 368. 367. 367. 367. 367.
 367. 367. 366. 366. 366. 366. 365. 365. 365. 365. 364. 364. 364. 364.
 364. 363. 363. 363. 363. 363. 363. 363. 363. 363. 363. 363. 363. 363.
 363. 363. 363. 363. 363. 363. 363. 363. 363. 363. 363. 363. 362. 362.
 362. 362. 362. 362. 362. 362. 362. 362. 362. 362. 362. 362. 362. 362.
 362. 362. 362. 362. 362. 362. 361. 361. 361. 361. 361. 361. 361. 361.
 361. 361. 361. 361. 361. 361. 361. 361. 361. 360. 360. 360. 360. 360.
 360. 360. 360. 359. 359. 359. 359. 359. 358. 358. 358. 358. 358. 358.
 358. 358. 358. 358. 358. 357. 357. 357. 357. 357. 357. 357. 357. 357.
 357. 357. 357. 357. 357. 357. 357. 356. 356. 356. 356. 356. 356. 356.
 356. 355. 355. 355. 355. 355. 355. 355. 355. 355. 355. 355. 355. 355.
 355. 355. 355. 355. 354. 354. 354. 354. 354. 354. 354. 354. 354. 354.
 353. 353. 353. 353. 353. 353. 353. 352. 352. 352. 352. 352. 352. 352.
 352. 352. 352. 352. 352. 352.]
[455. 455. 455. 455. 455. 455. 455. 455. 455. 455. 455. 455. 455. 455.
 455. 455. 455. 455. 455. 455. 455. 455. 455. 455. 455. 455. 455. 455.
 455. 455. 455. 455. 455. 455. 455. 455. 455. 455. 455. 455. 455. 455.
 455. 455. 455. 455. 455. 455. 455. 455. 455. 455. 455. 455. 455. 455.
 455. 455. 455. 455. 455. 455. 455. 455. 455. 455. 455. 455. 455. 455.
 455. 455. 455. 434. 434. 434. 434. 434. 434. 434. 419. 419. 419. 419.
 419. 419. 419. 419. 419. 419. 419. 419. 419. 419. 419. 419. 419. 419.
 419. 419. 419. 419. 419. 419. 419. 419. 419. 419. 419. 419. 419. 419.
 419. 419. 419. 419. 419. 419. 419. 419. 419. 419. 419. 419. 419. 419.
 419. 419. 419. 419. 419. 419. 419. 419. 419. 419. 419. 419. 419. 419.
 419. 419. 419. 419. 419. 419. 419. 419. 419. 419. 419. 419. 419. 419.
 419. 419. 419. 419. 419. 419. 419. 419. 419. 419. 419. 419. 419. 419.
 419. 419. 419. 419. 419. 419. 419. 419. 419. 419. 419. 419. 419. 419.
 419. 419. 419. 419. 419. 419. 419. 419. 419. 419. 419. 419. 419. 419.
 419. 419. 419. 419. 419. 419. 419. 419. 419. 419. 419. 419. 419. 419.
 419. 419. 419. 419. 419. 419. 419. 419. 419. 419. 419. 419. 419. 419.
 419. 419. 419. 419. 419. 419. 419. 419. 419. 419. 419. 419. 419. 419.
 419. 419. 419. 419. 419. 419. 419. 419. 419. 419. 419. 419. 419. 419.
 419. 419. 419. 419. 419. 419. 419. 419. 419. 419. 416. 412. 411. 411.
 411. 411. 411. 411. 411. 411. 411. 411. 411. 411. 411. 411. 411. 411.
 411. 411. 411. 411. 411. 411. 411. 411. 411. 411. 411. 411. 411. 411.
 411. 411. 411. 411. 411. 411. 411. 411. 411. 411. 411. 411. 411. 411.
 411. 411. 411. 411. 411. 411. 411. 411. 411. 411. 411. 411. 411. 411.
 411. 411. 411. 411. 411. 411. 411. 411. 411. 411. 411. 411. 411. 411.
 411. 411. 411. 411. 411. 411. 409. 409. 409. 409. 409. 409. 409. 409.
 404. 404. 404. 404. 404. 404. 404. 404. 404. 404. 404. 404. 404. 404.
 404. 404. 404. 404. 404. 404. 404. 404. 404. 404. 404. 404. 404. 404.
 404. 404. 404. 404. 404. 404. 404. 404. 404. 404. 404. 404. 401. 401.
 400. 400. 400. 400. 400. 400. 400. 400. 400. 400. 400. 400. 400. 400.
 400. 400. 400. 400. 400. 400. 400. 400. 400. 400. 400. 400. 400. 400.
 400. 400. 400. 400. 400. 400. 400. 400. 400. 400. 400. 400. 400. 400.
 400. 400. 400. 400. 400. 400. 400. 400. 400. 400. 400. 400. 400. 400.
 400. 400. 400. 400. 400. 400. 400. 400. 400. 400. 400. 400. 400. 400.
 400. 400. 400. 400. 400. 400. 400. 400. 400. 400. 400. 400. 400. 400.
 400. 400. 400. 400. 400. 400. 400. 400. 400. 400. 400. 400. 400. 400.
 400. 400. 400. 400. 400. 400. 400. 400. 400. 400. 400. 400. 400. 400.
 400. 400. 400. 400. 400. 400. 400. 400. 400. 400. 400. 400. 400. 400.
 400. 399. 399. 399. 397. 397. 397. 397. 397. 396. 395. 395. 395. 395.
 395. 395. 395. 395. 395. 395. 395. 395. 395. 395. 395. 395. 395. 395.
 395. 395. 395. 395. 395. 395. 395. 395. 395. 395. 395. 395. 395. 395.
 395. 395. 395. 395. 395. 395. 395. 395. 395. 395. 395. 395. 395. 395.
 395. 395. 395. 395. 395. 395. 395. 395. 395. 395. 395. 395. 395. 395.
 395. 395. 395. 395. 395. 395. 395. 395. 395. 395. 395. 395. 395. 395.
 395. 395. 395. 395. 395. 395. 395. 395. 395. 395. 395. 395. 395. 395.
 395. 395. 395. 395. 395. 395. 395. 395. 395. 395. 395. 395. 395. 395.
 395. 395. 395. 395. 395. 395. 395. 395. 395. 395. 395. 395. 395. 395.
 395. 395. 395. 395. 394. 394. 394. 394. 394. 393. 393. 391. 390. 390.
 389. 389. 389. 389. 389. 389. 389. 389. 389. 389. 389. 389. 389. 389.
 389. 389. 389. 389. 389. 389. 389. 389. 389. 389. 389. 389. 389. 389.
 389. 389. 389. 389. 389. 389. 389. 389. 389. 389. 389. 389. 389. 389.
 389. 389. 389. 389. 389. 389. 389. 389. 389. 389. 389. 388. 387. 387.
 387. 385. 384. 384. 384. 382. 382. 382. 382. 382. 382. 382. 382. 382.
 382. 382. 382. 382. 382. 382. 382. 382. 382. 381. 381. 380. 380. 379.
 379. 379. 379. 378. 378. 378. 378. 378. 377. 377. 377. 377. 377. 377.
 377. 377. 377. 377. 377. 377. 377. 377. 377. 377. 377. 377. 377. 377.
 377. 377. 377. 377. 377. 377. 377. 377. 377. 377. 377. 377. 377. 377.
 377. 377. 377. 377. 377. 377. 377. 377. 377. 377. 377. 377. 377. 377.
 377. 377. 377. 377. 377. 377. 377. 377. 377. 377. 377. 377. 377. 377.
 377. 377. 376. 376. 376. 375. 375. 375. 375. 375. 375. 375. 375. 374.
 374. 374. 373. 373. 373. 372. 371. 371. 371. 371. 371. 371. 370. 370.
 370. 370. 370. 370. 370. 370. 370. 370. 370. 370. 370. 370. 370. 370.
 370. 370. 370. 370. 370. 370. 370. 370. 370. 370. 370. 370. 370. 370.
 369. 369. 369. 369. 369. 369. 369. 369. 369. 368. 368. 368. 368. 368.
 368. 368. 368. 368. 367. 367. 367. 367. 367. 367. 367. 367. 366. 366.
 366. 366. 366. 365. 365. 365. 365. 364. 364. 364. 364. 364. 363. 363.
 363. 363. 363. 363. 363. 363. 363. 363. 363. 363. 363. 363. 363. 363.
 363. 363. 363. 363. 363. 363. 363. 363. 363. 362. 362. 362. 362. 362.
 362. 362. 362. 362. 362. 362. 362. 362. 362. 362. 362. 362. 362. 362.
 362. 362. 362. 362. 361. 361. 361. 361. 361. 361. 361. 361. 361. 361.
 361. 361. 361. 361. 361. 361. 361. 360. 360. 360. 360. 360. 360. 360.
 360. 360. 359. 359. 359. 359. 359. 359. 358. 358. 358. 358. 358. 358.
 358. 358. 358. 358. 358. 357.]
[455. 455. 455. 455. 455. 455. 455. 455. 455. 455. 455. 455. 455. 455.
 455. 455. 455. 455. 455. 455. 455. 455. 455. 455. 455. 455. 455. 455.
 455. 455. 455. 455. 455. 455. 455. 455. 455. 455. 455. 455. 455. 455.
 455. 455. 455. 455. 455. 455. 455. 455. 455. 455. 455. 455. 455. 455.
 455. 455. 455. 455. 455. 455. 455. 455. 455. 455. 455. 455. 455. 455.
 455. 455. 455. 455. 455. 455. 455. 455. 455. 455. 455. 455. 455. 455.
 455. 455. 455. 455. 455. 455. 455. 455. 455. 455. 455. 455. 455. 455.
 455. 455. 455. 455. 455. 455. 455. 455. 455. 455. 455. 455. 455. 455.
 455. 455. 455. 455. 455. 455. 455. 455. 455. 455. 455. 455. 455. 455.
 455. 455. 455. 455. 455. 455. 455. 455. 434. 434. 434. 434. 434. 434.
 434. 419. 419. 419. 419. 419. 419. 419. 419. 419. 419. 419. 419. 419.
 419. 419. 419. 419. 419. 419. 419. 419. 419. 419. 419. 419. 419. 419.
 419. 419. 419. 419. 419. 419. 419. 419. 419. 419. 419. 419. 419. 419.
 419. 419. 419. 419. 419. 419. 419. 419. 419. 419. 419. 419. 419. 419.
 419. 419. 419. 419. 419. 419. 419. 419. 419. 419. 419. 419. 419. 419.
 419. 419. 419. 419. 419. 419. 419. 419. 419. 419. 419. 419. 419. 419.
 419. 419. 419. 419. 419. 419. 419. 419. 419. 419. 419. 419. 419. 419.
 419. 419. 419. 419. 419. 419. 419. 419. 419. 419. 419. 419. 419. 419.
 419. 419. 419. 419. 419. 419. 419. 419. 419. 419. 419. 419. 419. 419.
 419. 419. 419. 419. 419. 419. 419. 419. 419. 419. 419. 419. 419. 419.
 419. 419. 419. 419. 419. 419. 419. 419. 419. 419. 419. 419. 419. 419.
 419. 419. 419. 419. 419. 419. 419. 419. 419. 419. 419. 419. 419. 419.
 419. 419. 419. 419. 419. 419. 419. 419. 419. 419. 419. 419. 419. 419.
 419. 419. 419. 419. 419. 419. 419. 419. 419. 419. 419. 419. 416. 412.
 411. 411. 411. 411. 411. 411. 411. 411. 411. 411. 411. 411. 411. 411.
 411. 411. 411. 411. 411. 411. 411. 411. 411. 411. 411. 411. 411. 411.
 411. 411. 411. 411. 411. 411. 411. 411. 411. 411. 411. 411. 411. 411.
 411. 411. 411. 411. 411. 411. 411. 411. 411. 411. 411. 411. 411. 411.
 411. 411. 411. 411. 411. 411. 411. 411. 411. 411. 411. 411. 411. 411.
 411. 411. 411. 411. 411. 411. 411. 411. 409. 409. 409. 409. 409. 409.
 409. 409. 409. 404. 404. 404. 404. 404. 404. 404. 404. 404. 404. 404.
 404. 404. 404. 404. 404. 404. 404. 404. 404. 404. 404. 404. 404. 404.
 404. 404. 404. 404. 404. 404. 404. 404. 404. 404. 404. 404. 404. 404.
 404. 401. 401. 401. 400. 400. 400. 400. 400. 400. 400. 400. 400. 400.
 400. 400. 400. 400. 400. 400. 400. 400. 400. 400. 400. 400. 400. 400.
 400. 400. 400. 400. 400. 400. 400. 400. 400. 400. 400. 400. 400. 400.
 400. 400. 400. 400. 400. 400. 400. 400. 400. 400. 400. 400. 400. 400.
 400. 400. 400. 400. 400. 400. 400. 400. 400. 400. 400. 400. 400. 400.
 400. 400. 400. 400. 400. 400. 400. 400. 400. 400. 400. 400. 400. 400.
 400. 400. 400. 400. 400. 400. 400. 400. 400. 400. 400. 400. 400. 400.
 400. 400. 400. 400. 400. 400. 400. 400. 400. 400. 400. 400. 400. 400.
 400. 400. 400. 400. 400. 400. 400. 400. 400. 400. 400. 400. 400. 400.
 400. 400. 400. 400. 400. 399. 399. 399. 397. 397. 397. 397. 397. 396.
 395. 395. 395. 395. 395. 395. 395. 395. 395. 395. 395. 395. 395. 395.
 395. 395. 395. 395. 395. 395. 395. 395. 395. 395. 395. 395. 395. 395.
 395. 395. 395. 395. 395. 395. 395. 395. 395. 395. 395. 395. 395. 395.
 395. 395. 395. 395. 395. 395. 395. 395. 395. 395. 395. 395. 395. 395.
 395. 395. 395. 395. 395. 395. 395. 395. 395. 395. 395. 395. 395. 395.
 395. 395. 395. 395. 395. 395. 395. 395. 395. 395. 395. 395. 395. 395.
 395. 395. 395. 395. 395. 395. 395. 395. 395. 395. 395. 395. 395. 395.
 395. 395. 395. 395. 395. 395. 395. 395. 395. 395. 395. 395. 395. 395.
 395. 395. 395. 395. 395. 395. 395. 395. 394. 394. 394. 394. 394. 393.
 393. 391. 390. 390. 389. 389. 389. 389. 389. 389. 389. 389. 389. 389.
 389. 389. 389. 389. 389. 389. 389. 389. 389. 389. 389. 389. 389. 389.
 389. 389. 389. 389. 389. 389. 389. 389. 389. 389. 389. 389. 389. 389.
 389. 389. 389. 389. 389. 389. 389. 389. 389. 389. 389. 389. 389. 389.
 389. 388. 387. 387. 387. 385. 385. 384. 384. 384. 384. 382. 382. 382.
 382. 382. 382. 382. 382. 382. 382. 382. 382. 382. 382. 382. 382. 382.
 382. 381. 381. 380. 380. 379. 379. 379. 379. 378. 378. 378. 378. 378.
 377. 377. 377. 377. 377. 377. 377. 377. 377. 377. 377. 377. 377. 377.
 377. 377. 377. 377. 377. 377. 377. 377. 377. 377. 377. 377. 377. 377.
 377. 377. 377. 377. 377. 377. 377. 377. 377. 377. 377. 377. 377. 377.
 377. 377. 377. 377. 377. 377. 377. 377. 377. 377. 377. 377. 377. 377.
 377. 377. 377. 377. 377. 377. 377. 377. 376. 376. 376. 375. 375. 375.
 375. 375. 375. 375. 375. 374. 374. 374. 374. 374. 373. 373. 373. 372.
 372. 371. 371. 371. 371. 371. 371. 371. 370. 370. 370. 370. 370. 370.
 370. 370. 370. 370. 370. 370. 370. 370. 370. 370. 370. 370. 370. 370.
 370. 370. 370. 370. 370. 370. 370. 370. 370. 370. 369. 369. 369. 369.
 369. 369. 369. 369. 369. 369. 368. 368. 368. 368. 368. 368. 368. 368.
 368. 367. 367. 367. 367. 367. 367. 367. 367. 367. 366. 366. 366. 366.
 366. 365. 365. 365. 365. 364. 364. 364. 364. 364. 363. 363. 363. 363.
 363. 363. 363. 363. 363. 363.]
[455. 455. 455. 455. 455. 455. 455. 455. 455. 455. 455. 455. 455. 455.
 455. 455. 455. 455. 455. 455. 455. 455. 455. 455. 455. 455. 455. 455.
 455. 455. 455. 455. 455. 455. 455. 455. 455. 455. 455. 455. 455. 455.
 455. 455. 455. 455. 455. 455. 455. 455. 455. 455. 455. 455. 455. 455.
 455. 455. 455. 455. 455. 455. 455. 455. 455. 455. 455. 455. 455. 455.
 455. 455. 455. 455. 455. 455. 455. 455. 455. 455. 455. 455. 455. 455.
 455. 455. 455. 455. 455. 455. 455. 455. 455. 455. 455. 455. 455. 455.
 455. 455. 455. 455. 455. 455. 455. 455. 455. 455. 455. 455. 455. 455.
 455. 455. 455. 455. 455. 455. 455. 455. 455. 455. 455. 455. 455. 455.
 455. 455. 455. 455. 455. 455. 455. 455. 455. 455. 455. 455. 455. 455.
 455. 455. 455. 455. 455. 455. 455. 455. 455. 455. 455. 455. 455. 455.
 455. 455. 455. 455. 455. 455. 455. 455. 455. 455. 455. 455. 455. 455.
 455. 455. 455. 455. 455. 455. 455. 455. 455. 455. 455. 455. 455. 455.
 455. 455. 455. 455. 455. 455. 455. 455. 455. 455. 455. 455. 455. 434.
 434. 434. 434. 434. 434. 434. 432. 419. 419. 419. 419. 419. 419. 419.
 419. 419. 419. 419. 419. 419. 419. 419. 419. 419. 419. 419. 419. 419.
 419. 419. 419. 419. 419. 419. 419. 419. 419. 419. 419. 419. 419. 419.
 419. 419. 419. 419. 419. 419. 419. 419. 419. 419. 419. 419. 419. 419.
 419. 419. 419. 419. 419. 419. 419. 419. 419. 419. 419. 419. 419. 419.
 419. 419. 419. 419. 419. 419. 419. 419. 419. 419. 419. 419. 419. 419.
 419. 419. 419. 419. 419. 419. 419. 419. 419. 419. 419. 419. 419. 419.
 419. 419. 419. 419. 419. 419. 419. 419. 419. 419. 419. 419. 419. 419.
 419. 419. 419. 419. 419. 419. 419. 419. 419. 419. 419. 419. 419. 419.
 419. 419. 419. 419. 419. 419. 419. 419. 419. 419. 419. 419. 419. 419.
 419. 419. 419. 419. 419. 419. 419. 419. 419. 419. 419. 419. 419. 419.
 419. 419. 419. 419. 419. 419. 419. 419. 419. 419. 419. 419. 419. 419.
 419. 419. 419. 419. 419. 419. 419. 419. 419. 419. 419. 419. 419. 419.
 419. 419. 419. 419. 419. 419. 419. 419. 419. 419. 419. 419. 419. 419.
 419. 419. 419. 419. 419. 419. 419. 419. 416. 415. 412. 411. 411. 411.
 411. 411. 411. 411. 411. 411. 411. 411. 411. 411. 411. 411. 411. 411.
 411. 411. 411. 411. 411. 411. 411. 411. 411. 411. 411. 411. 411. 411.
 411. 411. 411. 411. 411. 411. 411. 411. 411. 411. 411. 411. 411. 411.
 411. 411. 411. 411. 411. 411. 411. 411. 411. 411. 411. 411. 411. 411.
 411. 411. 411. 411. 411. 411. 411. 411. 411. 411. 411. 411. 411. 411.
 411. 411. 411. 411. 411. 409. 409. 409. 409. 409. 409. 409. 409. 409.
 409. 404. 404. 404. 404. 404. 404. 404. 404. 404. 404. 404. 404. 404.
 404. 404. 404. 404. 404. 404. 404. 404. 404. 404. 404. 404. 404. 404.
 404. 404. 404. 404. 404. 404. 404. 404. 404. 404. 404. 404. 404. 401.
 401. 401. 400. 400. 400. 400. 400. 400. 400. 400. 400. 400. 400. 400.
 400. 400. 400. 400. 400. 400. 400. 400. 400. 400. 400. 400. 400. 400.
 400. 400. 400. 400. 400. 400. 400. 400. 400. 400. 400. 400. 400. 400.
 400. 400. 400. 400. 400. 400. 400. 400. 400. 400. 400. 400. 400. 400.
 400. 400. 400. 400. 400. 400. 400. 400. 400. 400. 400. 400. 400. 400.
 400. 400. 400. 400. 400. 400. 400. 400. 400. 400. 400. 400. 400. 400.
 400. 400. 400. 400. 400. 400. 400. 400. 400. 400. 400. 400. 400. 400.
 400. 400. 400. 400. 400. 400. 400. 400. 400. 400. 400. 400. 400. 400.
 400. 400. 400. 400. 400. 400. 400. 400. 400. 400. 400. 400. 400. 400.
 400. 400. 400. 399. 399. 399. 399. 397. 397. 397. 397. 397. 396. 395.
 395. 395. 395. 395. 395. 395. 395. 395. 395. 395. 395. 395. 395. 395.
 395. 395. 395. 395. 395. 395. 395. 395. 395. 395. 395. 395. 395. 395.
 395. 395. 395. 395. 395. 395. 395. 395. 395. 395. 395. 395. 395. 395.
 395. 395. 395. 395. 395. 395. 395. 395. 395. 395. 395. 395. 395. 395.
 395. 395. 395. 395. 395. 395. 395. 395. 395. 395. 395. 395. 395. 395.
 395. 395. 395. 395. 395. 395. 395. 395. 395. 395. 395. 395. 395. 395.
 395. 395. 395. 395. 395. 395. 395. 395. 395. 395. 395. 395. 395. 395.
 395. 395. 395. 395. 395. 395. 395. 395. 395. 395. 395. 395. 395. 395.
 395. 395. 395. 395. 395. 395. 395. 394. 394. 394. 394. 394. 393. 393.
 391. 390. 390. 389. 389. 389. 389. 389. 389. 389. 389. 389. 389. 389.
 389. 389. 389. 389. 389. 389. 389. 389. 389. 389. 389. 389. 389. 389.
 389. 389. 389. 389. 389. 389. 389. 389. 389. 389. 389. 389. 389. 389.
 389. 389. 389. 389. 389. 389. 389. 389. 389. 389. 389. 389. 389. 389.
 388. 387. 387. 387. 386. 385. 385. 384. 384. 384. 384. 382. 382. 382.
 382. 382. 382. 382. 382. 382. 382. 382. 382. 382. 382. 382. 382. 382.
 382. 381. 381. 381. 380. 380. 379. 379. 379. 379. 378. 378. 378. 378.
 378. 377. 377. 377. 377. 377. 377. 377. 377. 377. 377. 377. 377. 377.
 377. 377. 377. 377. 377. 377. 377. 377. 377. 377. 377. 377. 377. 377.
 377. 377. 377. 377. 377. 377. 377. 377. 377. 377. 377. 377. 377. 377.
 377. 377. 377. 377. 377. 377. 377. 377. 377. 377. 377. 377. 377. 377.
 377. 377. 377. 377. 377. 377. 377. 377. 377. 376. 376. 376. 375. 375.
 375. 375. 375. 375. 375. 375. 374. 374. 374. 374. 374. 373. 373. 373.
 373. 372. 372. 371. 371. 371. 371. 371. 371. 371. 371. 370. 370. 370.
 370. 370. 370. 370. 370. 370.]
