[697.  728.  498.  653.  760.5 706.  749.  633.  531.5 537.  642.  661.5
 308.  634.  657.5 431.  594.  644.  684.5 716.5 615.  704.  680.  508.5
 703.5 658.5 322.5 211.5 696.  721.5 747.  738.  370.  243.  430.5 661.
 753.  674.5 560.5 679.5 724.5 410.  723.  584.  517.5 648.  731.  704.5
 502.5 424.5 387.  748.  613.5 603.  714.5 465.5 377.  513.  644.  357.
 215.  506.5 692.5 712.5 508.5 513.5 342.  737.5 683.5 253.  685.  736.5
 747.  695.5 748.5 696.5 711.5 685.  521.5 506.  577.  625.  689.5 718.5
 524.  707.5 466.  720.  367.5 355.  602.5 481.5 745.  332.  737.5 714.5
 749.5 753.  722.5 639.5 474.5 597.  636.  602.5 630.  702.5 696.  739.5
 478.  525.5 686.  659.5 413.5 552.  444.5 592.  699.5 736.5 519.5 479.5
 376.  482.  453.5 719.  627.  747.  370.5 748.5 688.5 257.5 605.  436.
 670.  487.  539.5 679.  512.  671.5 701.5 770.  647.5 478.  712.  409.
 727.5 709.  566.  641.5 692.5 431.5 560.5 613.  528.  716.  669.5 581.5
 645.5 291.  715.  520.  727.  610.5 763.  295.5 368.  546.5 619.  460.
 705.5 390.  376.5 523.5 460.5 709.  669.5 481.  415.5 551.5 685.  452.
 688.  170.  730.5 577.  699.  588.5 615.5 668.  512.5 644.  581.5 678.
 643.5 573.  477.  440.5 533.  655.  626.  383.5 656.5 437.5 704.  558.5
 435.5 759.  467.5 606.  251.  183.5 571.  291.  707.  259.5 433.5 677.
 596.  587.5 481.  671.  649.  353.  331.5 699.5 646.5 591.5 591.  692.
 661.  540.5 202.  642.  637.  509.  602.5 621.  722.5 470.  387.5 304.
 719.5 567.  410.  610.5 723.  406.  399.5 307.  438.  565.  502.  763.5
 512.5 712.5 516.  674.5 713.5 719.  321.5 651.5 160.5 443.5 497.5 636.
 716.5 742.5 603.  173.  742.5 737.  720.5 573.  619.  408.5 758.  505.
 498.5 723.5 730.5 538.5 729.  502.5 554.  209.5 641.  724.  603.5 480.5
 637.  710.5 519.5 482.5 647.5 609.5 423.5 491.  459.  435.5 486.5 695.5
 415.5 454.5 389.  263.  707.5 690.  673.5 661.  490.  243.5 727.5 573.
 702.  706.  479.5 459.5 293.5 719.5 249.5 380.5 695.5 655.  631.5 621.
 389.5 525.5 737.5 711.  672.5 666.  706.  633.  486.5 685.5 677.5 728.
 543.5 460.5 707.  648.  680.5 512.  646.5 258.  718.  616.  746.5 294.5
 261.5 701.5 472.  658.5 249.  653.  668.  644.5 705.5 471.5 570.  732.5]
