[683.  725.  470.  647.  765.5 711.  740.  614.  523.5 525.  666.  658.5
 296.  623.  690.5 421.  602.  630.  678.5 723.5 622.  703.  638.  501.5
 691.5 701.5 287.5 190.5 690.  708.5 751.  745.  364.  241.  404.5 678.
 737.  665.5 542.5 671.5 686.5 421.  699.  603.  534.5 650.  731.  717.5
 511.5 425.5 386.  746.  614.5 608.  741.5 476.5 389.  504.  660.  366.
 204.  515.5 702.5 687.5 503.5 519.5 359.  756.5 692.5 252.  727.  697.5
 769.  730.5 734.5 729.5 685.5 669.  534.5 504.  563.  632.  704.5 702.5
 502.  714.5 460.  707.  382.5 363.  594.5 457.5 749.  331.  758.5 719.5
 725.5 783.  747.5 658.5 488.5 613.  640.  593.5 634.  709.5 705.  735.5
 481.  495.5 699.  684.5 407.5 571.  479.5 597.  706.5 721.5 512.5 483.5
 347.  473.  470.5 729.  626.  717.  362.5 731.5 677.5 270.5 610.  443.
 658.  480.  528.5 694.  503.  666.5 718.5 737.  642.5 493.  688.  397.
 725.5 711.  555.  634.5 670.5 440.5 548.5 623.  511.  733.  683.5 593.5
 655.5 304.  698.  551.  703.  635.5 756.  286.5 366.  548.5 615.  473.
 737.5 369.  388.5 501.5 459.5 710.  666.5 464.  419.5 557.5 703.  450.
 687.  162.  726.5 571.  723.  581.5 630.5 641.  520.5 671.  602.5 640.
 639.5 574.  510.  421.5 521.  688.  637.  361.5 633.5 445.5 713.  546.5
 414.5 749.  452.5 597.  277.  187.5 569.  311.  700.  243.5 420.5 673.
 623.  603.5 487.  666.  657.  319.  334.5 663.5 658.5 583.5 582.  689.
 673.  559.5 178.  661.  650.  503.  613.5 614.  712.5 467.  392.5 283.
 684.5 542.  390.  636.5 716.  409.  418.5 311.  439.  577.  504.  742.5
 509.5 729.5 527.  666.5 723.5 717.  352.5 649.5 198.5 448.5 503.5 611.
 725.5 751.5 582.  179.  712.5 729.  703.5 573.  608.  385.5 766.  486.
 531.5 742.5 736.5 530.5]
