[684.  697.  477.  655.  762.5 721.  769.  619.  516.5 564.  680.  684.5
 314.  642.  666.5 434.  594.  658.  677.5 689.5 633.  688.  665.  472.5
 666.5 683.5 286.5 183.5 699.  723.5 742.  743.  360.  272.  408.5 688.
 771.  682.5 552.5 686.5 709.5 398.  735.  577.  549.5 640.  717.  701.5
 520.5 424.5 402.  720.  615.5 575.  718.5 497.5 370.  506.  633.  360.
 231.  509.5 699.5 703.5 518.5 492.5 325.  739.5 672.5 282.  730.  743.5
 761.  702.5 772.5 710.5 694.5 658.  510.5 527.  578.  636.  669.5 700.5
 544.  707.5 475.  711.  365.5 360.  582.5 480.5 764.  326.  753.5 722.5
 744.5 767.  726.5 661.5 457.5 611.  654.  580.5 653.  703.5 680.  738.5
 478.  526.5 694.  671.5 418.5 540.  476.5 614.  699.5 723.5 523.5 501.5
 372.  482.  471.5 724.  622.  721.  391.5 734.5 664.5 262.5 618.  453.
 673.  465.  505.5 690.  518.  659.5 708.5 739.  648.5 465.  676.  405.
 707.5 714.  536.  651.5 675.5 428.5 556.5 608.  569.  696.  666.5 567.5
 637.5 287.  680.  528.  726.  628.5 726.  271.5 401.  537.5 626.  474.
 718.5 398.  361.5 507.5 459.5 699.  676.5 464.  416.5 523.5 696.  446.
 670.  145.  723.5 561.  696.  586.5 658.5 672.  548.5 652.  587.5 671.
 650.5 517.  489.  441.5 532.  674.  650.  376.5]
