[684.  704.5 670.  749.  718.  297.  639.5 722.5 351.5 665.5 677.  627.5
 594.  690.5 736.5 651.  658.5 410.5 770.5 399.  673.  724.5 770.  730.
 681.5 243.5 754.5 711.5 750.  649.5 767.  701.  756.  678.5 495.5 653.
 770.5 714.  594.  746.  742.  715.5 500.  679.5 226.5 451.  695.  285.5
 605.5 458.5 729.  444.5 507.  694.5 747.  739.  708.  735.  663.5 564.5
 249.  719.  743.5 624.  682.5 726.  587.5 741.5 626.  733.  755.5 700.
 321.5 721.  708.  723.5 677.5 585.  486.  531.5 733.  370.  713.  760.
 634.  570.5 738.  721.5 700.  658.5 551.5 720.  730.5 776.5 643.5 728.5
 446.  652.5 557.5 741.  695.  759.  732.  750.  776.  763.  745.  744.
 526.  756.  751.5 706.  479.  612.  581.  748.  743.5 763.5 364.5 654.
 647.5 275.  307.5 762.5 769.  178.  180.  717.5 735.5 743.5 461.  696.
 197.5 724.5 430.  717.5 356.5 517.5 725.  614.5 728.  730.  720.  424.5
 420.  471.  612.  722.  512.5 702.5 355.  335.  542.5 298.  712.5 711.
 182.5 633.5 412.5 346.  750.5 723.5 745.5 644.5 360.5 536.  339.5 746.5
 717.5 714.5 715.5 716.  749.5 744.  712.  730.  742.5 698.5 724.  601.5
 711.5 460.  523.  592.  698.  488.5 736.5 647.5 623.  747.  454.5 725.5
 427.  753.  310.5 452.  541.  720.  736.  694.  709.  531.5 671.  653.
 500.  714.5 732.  412.5 574.5 353.5 709.5 642.5 647.5 690.5 700.  725.
 466.  456.  312.  553.5 715.5 703.  593.  598.  426.5 573.5 533.5 223.5
 342.  685.  633.5 583.  610.5 691.5 684.5 733.5 662.  466.  252.5 739.
 466.  696.  729.  701.5 540.5 601.5 719.  741.5 497.5 723.5 507.5 719.
 394.  673.5 737.  616.5 619.  720.5 509.  631.  683.  757.  393.5 553.5
 111.  592.5 283.5 284.5 749.  557.5 725.  407.5 687.5 714.5 748.5 220.5
 460.  535.  650.5 716.5]
[792.5 788.5 785.  778.5 776.5 776.  771.  771.  770.5 770.5 770.  769.
 769.  768.  767.  766.5 766.  763.5 763.  763.  762.5 762.5 762.5 762.5
 761.5 760.  759.5 759.  757.5 757.  757.  757.  756.  756.  756.  756.
 756.  755.5 755.5 755.  755.  755.  754.5 754.5 753.5 753.  753.  752.
 751.5 751.5 750.5 750.  750.  750.  750.  750.  749.5 749.5 749.5 749.
 749.  748.5 748.  747.  747.  747.  746.5 746.5 746.  746.  746.  745.5
 745.5 745.  744.5 744.  744.  744.  744.  744.  743.5 743.5 743.5 743.5
 743.  742.5 742.5 742.  741.5 741.5 741.5 741.5 741.  740.5 740.5 739.
 739.  739.  738.  738.  738.  737.  737.  736.5 736.5 736.5 736.  735.5
 735.5 735.  734.5 734.  734.  734.  733.5 733.5 733.  733.  733.  732.
 732.  732.  730.5 730.5 730.  730.  730.  730.  729.  729.  728.5 728.5
 728.  728.  728.  726.  726.  725.5 725.  725.  725.  725.  725.  724.5
 724.5 724.5 724.5 724.  723.5 723.5 723.5 722.5 722.  722.  722.  721.5
 721.  720.5 720.  720.  720.  719.  719.  719.  718.  717.5 717.5 717.5
 717.  716.5 716.5 716.5 716.  716.  715.5 715.5 715.5 714.5 714.5 714.5
 714.5 714.  713.5 713.  712.5 712.5 712.5 712.  711.5 711.5 711.  711.
 711.  711.  711.  710.  709.5 709.  709.  709.  708.  708.  706.  706.
 704.5 703.5 703.  702.5 701.5 701.  700.  700.  700.  698.5 698.  696.
 696.  695.5 695.  695.  694.5 694.5 694.  693.  691.5 691.5 691.5 690.5
 690.5 687.5 685.  685.  684.5 684.5 684.  683.  683.  683.  682.5 682.
 682.  681.5 679.5 678.5 678.5 677.5 677.  675.5 673.5 673.  671.  670.
 666.5 665.5 664.  664.  663.5 662.  661.  658.5 658.5 656.5 656.  654.
 653.5 653.  653.  652.5 651.  650.5 649.5 648.  647.5 647.5 647.5 647.
 647.  644.5 643.5 642.5]
[792.5 788.5 785.  783.5 781.5 778.5 778.  776.5 776.  775.5 775.5 771.
 771.  770.5 770.5 770.  770.  769.  769.  769.  769.  768.  767.  767.
 767.  766.5 766.5 766.  766.  766.  763.5 763.  763.  763.  762.5 762.5
 762.5 762.5 762.5 761.5 760.  760.  759.5 759.  759.  758.  757.5 757.
 757.  757.  757.  757.  756.  756.  756.  756.  756.  756.  755.5 755.5
 755.5 755.  755.  755.  755.  755.  754.5 754.5 753.5 753.5 753.  753.
 753.  752.  752.  751.5 751.5 750.5 750.  750.  750.  750.  750.  750.
 750.  750.  749.5 749.5 749.5 749.5 749.  749.  749.  748.5 748.  748.
 747.  747.  747.  747.  746.5 746.5 746.  746.  746.  746.  745.5 745.5
 745.  745.  744.5 744.5 744.  744.  744.  744.  744.  744.  743.5 743.5
 743.5 743.5 743.5 743.5 743.  742.5 742.5 742.5 742.  741.5 741.5 741.5
 741.5 741.  741.  741.  741.  741.  741.  741.  740.5 740.5 740.  739.
 739.  739.  739.  738.  738.  738.  737.5 737.  737.  736.5 736.5 736.5
 736.5 736.  735.5 735.5 735.  735.  734.5 734.  734.  734.  734.  733.5
 733.5 733.  733.  733.  733.  733.  733.  732.  732.  732.  732.  731.5
 731.  731.  730.5 730.5 730.5 730.5 730.  730.  730.  730.  730.  730.
 729.5 729.  729.  729.  729.  728.5 728.5 728.5 728.  728.  728.  728.
 728.  728.  727.5 726.  726.  726.  726.  725.5 725.  725.  725.  725.
 725.  725.  724.5 724.5 724.5 724.5 724.5 724.5 724.  724.  723.5 723.5
 723.5 723.  723.  722.5 722.5 722.5 722.  722.  722.  722.  721.5 721.
 720.5 720.5 720.  720.  720.  719.5 719.  719.  719.  719.  719.  718.
 718.  717.5 717.5 717.5 717.  716.5 716.5 716.5 716.5 716.5 716.  716.
 716.  716.  715.5 715.5 715.5 715.5 715.  714.5 714.5 714.5 714.5 714.
 714.  713.5 713.  713. ]
[792.5 792.5 792.  788.5 788.  785.  785.  783.5 781.5 778.5 778.  776.5
 776.5 776.5 776.  775.5 775.5 773.5 771.  771.  771.  770.5 770.5 770.5
 770.  770.  770.  769.  769.  769.  769.  769.  768.  768.  768.  767.
 767.  767.  767.  767.  767.  767.  766.5 766.5 766.5 766.  766.  766.
 766.  766.  766.  765.  765.  765.  763.5 763.5 763.  763.  763.  762.5
 762.5 762.5 762.5 762.5 762.5 762.5 762.5 762.5 762.  761.5 761.5 761.5
 760.5 760.  760.  759.5 759.  759.  759.  759.  758.  758.  757.5 757.
 757.  757.  757.  757.  757.  757.  757.  756.5 756.  756.  756.  756.
 756.  756.  756.  756.  756.  756.  755.5 755.5 755.5 755.  755.  755.
 755.  755.  754.5 754.5 754.5 754.5 754.  753.5 753.5 753.5 753.  753.
 753.  753.  752.5 752.  752.  752.  751.5 751.5 751.5 751.  751.  750.5
 750.5 750.  750.  750.  750.  750.  750.  750.  750.  750.  750.  750.
 750.  750.  749.5 749.5 749.5 749.5 749.5 749.  749.  749.  749.  748.5
 748.  748.  748.  748.  748.  747.  747.  747.  747.  747.  747.  746.5
 746.5 746.5 746.5 746.  746.  746.  746.  746.  745.5 745.5 745.  745.
 744.5 744.5 744.  744.  744.  744.  744.  744.  744.  744.  743.5 743.5
 743.5 743.5 743.5 743.5 743.5 743.  743.  742.5 742.5 742.5 742.5 742.5
 742.  742.  742.  741.5 741.5 741.5 741.5 741.5 741.5 741.5 741.  741.
 741.  741.  741.  741.  741.  741.  741.  740.5 740.5 740.5 740.  740.
 740.  739.  739.  739.  739.  739.  739.  739.  738.  738.  738.  738.
 737.5 737.  737.  736.5 736.5 736.5 736.5 736.5 736.  735.5 735.5 735.5
 735.  735.  735.  734.5 734.5 734.  734.  734.  734.  733.5 733.5 733.5
 733.  733.  733.  733.  733.  733.  733.  733.  732.  732.  732.  732.
 731.5 731.  731.  730.5]
[792.5 792.5 792.  788.5 788.  785.  785.  783.5 781.5 778.5 778.  778.
 778.  776.5 776.5 776.5 776.  776.  775.5 775.5 774.  773.5 771.5 771.
 771.  771.  770.5 770.5 770.5 770.5 770.5 770.  770.  770.  770.  770.
 770.  770.  770.  769.  769.  769.  769.  769.  769.  769.  768.  768.
 768.  768.  767.5 767.  767.  767.  767.  767.  767.  767.  767.  767.
 767.  767.  767.  766.5 766.5 766.5 766.5 766.5 766.  766.  766.  766.
 766.  766.  765.  765.  765.  765.  764.5 764.5 763.5 763.5 763.  763.
 763.  763.  763.  762.5 762.5 762.5 762.5 762.5 762.5 762.5 762.5 762.5
 762.5 762.  761.5 761.5 761.5 761.  760.5 760.5 760.  760.  760.  759.5
 759.5 759.  759.  759.  759.  759.  759.  758.5 758.  758.  758.  758.
 757.5 757.5 757.  757.  757.  757.  757.  757.  757.  757.  757.  756.5
 756.  756.  756.  756.  756.  756.  756.  756.  756.  756.  756.  756.
 755.5 755.5 755.5 755.5 755.5 755.  755.  755.  755.  755.  755.  755.
 754.5 754.5 754.5 754.5 754.5 754.5 754.5 754.  754.  753.5 753.5 753.5
 753.5 753.  753.  753.  753.  753.  752.5 752.5 752.  752.  752.  752.
 751.5 751.5 751.5 751.  751.  751.  751.  750.5 750.5 750.  750.  750.
 750.  750.  750.  750.  750.  750.  750.  750.  750.  750.  750.  750.
 749.5 749.5 749.5 749.5 749.5 749.  749.  749.  749.  749.  749.  748.5
 748.  748.  748.  748.  748.  748.  748.  747.  747.  747.  747.  747.
 747.  747.  747.  746.5 746.5 746.5 746.5 746.5 746.5 746.  746.  746.
 746.  746.  746.  745.5 745.5 745.5 745.  745.  745.  745.  744.5 744.5
 744.5 744.5 744.  744.  744.  744.  744.  744.  744.  744.  743.5 743.5
 743.5 743.5 743.5 743.5 743.5 743.5 743.  743.  743.  743.  742.5 742.5
 742.5 742.5 742.5 742. ]
[797.  792.5 792.5 792.  788.5 788.  788.  785.  785.  784.  783.5 783.5
 781.5 778.5 778.  778.  778.  778.  778.  778.  778.  776.5 776.5 776.5
 776.5 776.  776.  776.  775.5 775.5 774.  773.5 771.5 771.5 771.  771.
 771.  771.  770.5 770.5 770.5 770.5 770.5 770.5 770.  770.  770.  770.
 770.  770.  770.  770.  769.  769.  769.  769.  769.  769.  769.  769.
 769.  768.  768.  768.  768.  768.  767.5 767.  767.  767.  767.  767.
 767.  767.  767.  767.  767.  767.  767.  767.  766.5 766.5 766.5 766.5
 766.5 766.5 766.  766.  766.  766.  766.  766.  766.  765.  765.  765.
 765.  764.5 764.5 763.5 763.5 763.5 763.  763.  763.  763.  763.  763.
 762.5 762.5 762.5 762.5 762.5 762.5 762.5 762.5 762.5 762.5 762.5 762.5
 762.5 762.5 762.  762.  762.  762.  761.5 761.5 761.5 761.  761.  760.5
 760.5 760.  760.  760.  760.  760.  759.5 759.5 759.5 759.5 759.  759.
 759.  759.  759.  759.  759.  759.  759.  759.  758.5 758.5 758.5 758.
 758.  758.  758.  758.  757.5 757.5 757.5 757.5 757.  757.  757.  757.
 757.  757.  757.  757.  757.  756.5 756.  756.  756.  756.  756.  756.
 756.  756.  756.  756.  756.  756.  756.  755.5 755.5 755.5 755.5 755.5
 755.5 755.5 755.5 755.5 755.  755.  755.  755.  755.  755.  755.  755.
 755.  754.5 754.5 754.5 754.5 754.5 754.5 754.5 754.  754.  754.  754.
 753.5 753.5 753.5 753.5 753.5 753.5 753.  753.  753.  753.  753.  752.5
 752.5 752.5 752.5 752.  752.  752.  752.  752.  751.5 751.5 751.5 751.5
 751.5 751.  751.  751.  751.  751.  750.5 750.5 750.5 750.5 750.  750.
 750.  750.  750.  750.  750.  750.  750.  750.  750.  750.  750.  750.
 750.  750.  749.5 749.5 749.5 749.5 749.5 749.  749.  749.  749.  749.
 749.  748.5 748.  748. ]
[797.  792.5 792.5 792.  792.  788.5 788.  788.  788.  785.  785.  785.
 784.  783.5 783.5 781.5 778.5 778.5 778.  778.  778.  778.  778.  778.
 778.  778.  778.  778.  776.5 776.5 776.5 776.5 776.5 776.5 776.  776.
 776.  776.  776.  776.  776.  775.5 775.5 775.5 775.5 774.  773.5 773.5
 773.5 771.5 771.5 771.  771.  771.  771.  771.  770.5 770.5 770.5 770.5
 770.5 770.5 770.5 770.  770.  770.  770.  770.  770.  770.  770.  770.
 770.  770.  770.  769.  769.  769.  769.  769.  769.  769.  769.  769.
 769.  769.  769.  768.  768.  768.  768.  768.  768.  767.5 767.5 767.5
 767.  767.  767.  767.  767.  767.  767.  767.  767.  767.  767.  767.
 767.  767.  767.  767.  766.5 766.5 766.5 766.5 766.5 766.5 766.  766.
 766.  766.  766.  766.  766.  766.  765.  765.  765.  765.  765.  764.5
 764.5 763.5 763.5 763.5 763.5 763.  763.  763.  763.  763.  763.  763.
 763.  762.5 762.5 762.5 762.5 762.5 762.5 762.5 762.5 762.5 762.5 762.5
 762.5 762.5 762.5 762.  762.  762.  762.  761.5 761.5 761.5 761.  761.
 760.5 760.5 760.  760.  760.  760.  760.  759.5 759.5 759.5 759.5 759.
 759.  759.  759.  759.  759.  759.  759.  759.  759.  759.  759.  758.5
 758.5 758.5 758.  758.  758.  758.  758.  757.5 757.5 757.5 757.5 757.
 757.  757.  757.  757.  757.  757.  757.  757.  756.5 756.  756.  756.
 756.  756.  756.  756.  756.  756.  756.  756.  756.  756.  756.  756.
 755.5 755.5 755.5 755.5 755.5 755.5 755.5 755.5 755.5 755.5 755.  755.
 755.  755.  755.  755.  755.  755.  755.  754.5 754.5 754.5 754.5 754.5
 754.5 754.5 754.  754.  754.  754.  754.  754.  753.5 753.5 753.5 753.5
 753.5 753.5 753.  753.  753.  753.  753.  753.  752.5 752.5 752.5 752.5
 752.5 752.  752.  752. ]
[797.  792.5 792.5 792.5 792.5 792.  792.  788.5 788.5 788.  788.  788.
 788.  786.5 785.  785.  785.  785.  784.  783.5 783.5 783.5 783.5 781.5
 781.5 780.5 778.5 778.5 778.  778.  778.  778.  778.  778.  778.  778.
 778.  778.  778.  778.  778.  777.5 776.5 776.5 776.5 776.5 776.5 776.5
 776.5 776.5 776.  776.  776.  776.  776.  776.  776.  776.  775.5 775.5
 775.5 775.5 775.5 775.  774.  773.5 773.5 773.5 773.5 773.5 773.5 772.
 771.5 771.5 771.  771.  771.  771.  771.  770.5 770.5 770.5 770.5 770.5
 770.5 770.5 770.  770.  770.  770.  770.  770.  770.  770.  770.  770.
 770.  770.  770.  770.  770.  769.  769.  769.  769.  769.  769.  769.
 769.  769.  769.  769.  769.  769.  768.5 768.  768.  768.  768.  768.
 768.  768.  768.  767.5 767.5 767.5 767.5 767.  767.  767.  767.  767.
 767.  767.  767.  767.  767.  767.  767.  767.  767.  767.  767.  767.
 766.5 766.5 766.5 766.5 766.5 766.5 766.5 766.  766.  766.  766.  766.
 766.  766.  766.  766.  766.  765.  765.  765.  765.  765.  765.  764.5
 764.5 764.5 764.  763.5 763.5 763.5 763.5 763.5 763.5 763.  763.  763.
 763.  763.  763.  763.  763.  763.  763.  763.  763.  762.5 762.5 762.5
 762.5 762.5 762.5 762.5 762.5 762.5 762.5 762.5 762.5 762.5 762.5 762.5
 762.  762.  762.  762.  762.  761.5 761.5 761.5 761.  761.  760.5 760.5
 760.  760.  760.  760.  760.  760.  759.5 759.5 759.5 759.5 759.  759.
 759.  759.  759.  759.  759.  759.  759.  759.  759.  759.  759.  759.
 758.5 758.5 758.5 758.5 758.  758.  758.  758.  758.  757.5 757.5 757.5
 757.5 757.  757.  757.  757.  757.  757.  757.  757.  757.  756.5 756.5
 756.5 756.  756.  756.  756.  756.  756.  756.  756.  756.  756.  756.
 756.  756.  756.  756. ]
[797.  792.5 792.5 792.5 792.5 792.5 792.5 792.5 792.  792.  788.5 788.5
 788.5 788.  788.  788.  788.  786.5 785.  785.  785.  785.  785.  784.5
 784.5 784.  783.5 783.5 783.5 783.5 783.5 781.5 781.5 781.5 781.5 781.5
 780.5 780.5 778.5 778.5 778.5 778.  778.  778.  778.  778.  778.  778.
 778.  778.  778.  778.  778.  778.  778.  778.  778.  777.5 776.5 776.5
 776.5 776.5 776.5 776.5 776.5 776.5 776.5 776.  776.  776.  776.  776.
 776.  776.  776.  776.  775.5 775.5 775.5 775.5 775.5 775.  774.  773.5
 773.5 773.5 773.5 773.5 773.5 773.5 773.5 773.5 773.5 773.5 773.  772.
 771.5 771.5 771.5 771.  771.  771.  771.  771.  770.5 770.5 770.5 770.5
 770.5 770.5 770.5 770.5 770.5 770.5 770.5 770.  770.  770.  770.  770.
 770.  770.  770.  770.  770.  770.  770.  770.  770.  770.  769.  769.
 769.  769.  769.  769.  769.  769.  769.  769.  769.  769.  769.  769.
 769.  768.5 768.5 768.  768.  768.  768.  768.  768.  768.  768.  768.
 767.5 767.5 767.5 767.5 767.5 767.5 767.  767.  767.  767.  767.  767.
 767.  767.  767.  767.  767.  767.  767.  767.  767.  767.  767.  767.
 766.5 766.5 766.5 766.5 766.5 766.5 766.5 766.5 766.  766.  766.  766.
 766.  766.  766.  766.  766.  766.  766.  765.5 765.  765.  765.  765.
 765.  765.  765.  765.  764.5 764.5 764.5 764.5 764.  763.5 763.5 763.5
 763.5 763.5 763.5 763.5 763.  763.  763.  763.  763.  763.  763.  763.
 763.  763.  763.  763.  763.  763.  762.5 762.5 762.5 762.5 762.5 762.5
 762.5 762.5 762.5 762.5 762.5 762.5 762.5 762.5 762.5 762.5 762.5 762.5
 762.  762.  762.  762.  762.  762.  762.  761.5 761.5 761.5 761.  761.
 761.  760.5 760.5 760.  760.  760.  760.  760.  760.  759.5 759.5 759.5
 759.5 759.  759.  759. ]
[808.5 797.  792.5 792.5 792.5 792.5 792.5 792.5 792.5 792.5 792.  792.
 790.  788.5 788.5 788.5 788.  788.  788.  788.  788.  788.  788.  788.
 786.5 785.  785.  785.  785.  785.  785.  784.5 784.5 784.5 784.5 784.
 783.5 783.5 783.5 783.5 783.5 783.5 783.5 781.5 781.5 781.5 781.5 781.5
 780.5 780.5 780.5 780.5 780.5 778.5 778.5 778.5 778.5 778.  778.  778.
 778.  778.  778.  778.  778.  778.  778.  778.  778.  778.  778.  778.
 778.  778.  778.  778.  778.  777.5 777.5 776.5 776.5 776.5 776.5 776.5
 776.5 776.5 776.5 776.5 776.5 776.5 776.5 776.  776.  776.  776.  776.
 776.  776.  776.  776.  776.  775.5 775.5 775.5 775.5 775.5 775.5 775.
 775.  774.  774.  773.5 773.5 773.5 773.5 773.5 773.5 773.5 773.5 773.5
 773.5 773.5 773.5 773.  772.5 772.  772.  772.  771.5 771.5 771.5 771.5
 771.  771.  771.  771.  771.  771.  771.  770.5 770.5 770.5 770.5 770.5
 770.5 770.5 770.5 770.5 770.5 770.5 770.5 770.5 770.5 770.5 770.  770.
 770.  770.  770.  770.  770.  770.  770.  770.  770.  770.  770.  770.
 770.  770.  770.  770.  769.  769.  769.  769.  769.  769.  769.  769.
 769.  769.  769.  769.  769.  769.  769.  768.5 768.5 768.  768.  768.
 768.  768.  768.  768.  768.  768.  767.5 767.5 767.5 767.5 767.5 767.5
 767.  767.  767.  767.  767.  767.  767.  767.  767.  767.  767.  767.
 767.  767.  767.  767.  767.  767.  767.  767.  767.  767.  766.5 766.5
 766.5 766.5 766.5 766.5 766.5 766.5 766.  766.  766.  766.  766.  766.
 766.  766.  766.  766.  766.  765.5 765.  765.  765.  765.  765.  765.
 765.  765.  765.  765.  765.  764.5 764.5 764.5 764.5 764.  764.  763.5
 763.5 763.5 763.5 763.5 763.5 763.5 763.5 763.5 763.5 763.  763.  763.
 763.  763.  763.  763. ]
[808.5 808.5 801.  797.  797.  792.5 792.5 792.5 792.5 792.5 792.5 792.5
 792.5 792.5 792.5 792.5 792.  792.  792.  792.  790.  790.  790.  788.5
 788.5 788.5 788.5 788.5 788.  788.  788.  788.  788.  788.  788.  788.
 788.  786.5 786.5 785.  785.  785.  785.  785.  785.  785.  785.  785.
 785.  784.5 784.5 784.5 784.5 784.5 784.5 784.  783.5 783.5 783.5 783.5
 783.5 783.5 783.5 783.5 781.5 781.5 781.5 781.5 781.5 781.5 780.5 780.5
 780.5 780.5 780.5 779.  778.5 778.5 778.5 778.5 778.5 778.5 778.  778.
 778.  778.  778.  778.  778.  778.  778.  778.  778.  778.  778.  778.
 778.  778.  778.  778.  778.  778.  778.  778.  778.  778.  777.5 777.5
 777.  776.5 776.5 776.5 776.5 776.5 776.5 776.5 776.5 776.5 776.5 776.5
 776.5 776.5 776.5 776.  776.  776.  776.  776.  776.  776.  776.  776.
 776.  775.5 775.5 775.5 775.5 775.5 775.5 775.5 775.5 775.5 775.  775.
 775.  774.  774.  773.5 773.5 773.5 773.5 773.5 773.5 773.5 773.5 773.5
 773.5 773.5 773.5 773.5 773.5 773.5 773.5 773.  773.  772.5 772.  772.
 772.  772.  771.5 771.5 771.5 771.5 771.  771.  771.  771.  771.  771.
 771.  770.5 770.5 770.5 770.5 770.5 770.5 770.5 770.5 770.5 770.5 770.5
 770.5 770.5 770.5 770.5 770.5 770.5 770.5 770.5 770.5 770.  770.  770.
 770.  770.  770.  770.  770.  770.  770.  770.  770.  770.  770.  770.
 770.  770.  770.  770.  770.  769.  769.  769.  769.  769.  769.  769.
 769.  769.  769.  769.  769.  769.  769.  769.  769.  768.5 768.5 768.5
 768.5 768.  768.  768.  768.  768.  768.  768.  768.  768.  767.5 767.5
 767.5 767.5 767.5 767.5 767.5 767.  767.  767.  767.  767.  767.  767.
 767.  767.  767.  767.  767.  767.  767.  767.  767.  767.  767.  767.
 767.  767.  767.  767. ]
[808.5 808.5 801.  800.  798.  797.  797.  793.  792.5 792.5 792.5 792.5
 792.5 792.5 792.5 792.5 792.5 792.5 792.5 792.5 792.5 792.5 792.  792.
 792.  792.  792.  792.  792.  792.  790.  790.  790.  789.5 788.5 788.5
 788.5 788.5 788.5 788.5 788.5 788.5 788.  788.  788.  788.  788.  788.
 788.  788.  788.  788.  788.  788.  786.5 786.5 786.5 786.  785.  785.
 785.  785.  785.  785.  785.  785.  785.  785.  785.  785.  785.  785.
 784.5 784.5 784.5 784.5 784.5 784.5 784.5 784.  783.5 783.5 783.5 783.5
 783.5 783.5 783.5 783.5 783.  781.5 781.5 781.5 781.5 781.5 781.5 781.5
 781.  780.5 780.5 780.5 780.5 780.5 780.5 780.  779.  778.5 778.5 778.5
 778.5 778.5 778.5 778.5 778.  778.  778.  778.  778.  778.  778.  778.
 778.  778.  778.  778.  778.  778.  778.  778.  778.  778.  778.  778.
 778.  778.  778.  778.  778.  778.  778.  778.  777.5 777.5 777.  776.5
 776.5 776.5 776.5 776.5 776.5 776.5 776.5 776.5 776.5 776.5 776.5 776.5
 776.5 776.5 776.5 776.5 776.  776.  776.  776.  776.  776.  776.  776.
 776.  776.  776.  776.  775.5 775.5 775.5 775.5 775.5 775.5 775.5 775.5
 775.5 775.  775.  775.  774.  774.  773.5 773.5 773.5 773.5 773.5 773.5
 773.5 773.5 773.5 773.5 773.5 773.5 773.5 773.5 773.5 773.5 773.5 773.
 773.  772.5 772.5 772.5 772.  772.  772.  772.  772.  771.5 771.5 771.5
 771.5 771.  771.  771.  771.  771.  771.  771.  771.  770.5 770.5 770.5
 770.5 770.5 770.5 770.5 770.5 770.5 770.5 770.5 770.5 770.5 770.5 770.5
 770.5 770.5 770.5 770.5 770.5 770.5 770.  770.  770.  770.  770.  770.
 770.  770.  770.  770.  770.  770.  770.  770.  770.  770.  770.  770.
 770.  770.  770.  769.5 769.  769.  769.  769.  769.  769.  769.  769.
 769.  769.  769.  769. ]
[808.5 808.5 808.5 801.  800.  798.  798.  797.  797.  797.  793.  792.5
 792.5 792.5 792.5 792.5 792.5 792.5 792.5 792.5 792.5 792.5 792.5 792.5
 792.5 792.5 792.5 792.5 792.5 792.5 792.  792.  792.  792.  792.  792.
 792.  792.  792.  792.  792.  792.  790.  790.  790.  789.5 788.5 788.5
 788.5 788.5 788.5 788.5 788.5 788.5 788.5 788.  788.  788.  788.  788.
 788.  788.  788.  788.  788.  788.  788.  788.  786.5 786.5 786.5 786.
 785.  785.  785.  785.  785.  785.  785.  785.  785.  785.  785.  785.
 785.  785.  785.  785.  785.  784.5 784.5 784.5 784.5 784.5 784.5 784.5
 784.5 784.5 784.  783.5 783.5 783.5 783.5 783.5 783.5 783.5 783.5 783.5
 783.  783.  781.5 781.5 781.5 781.5 781.5 781.5 781.5 781.5 781.  780.5
 780.5 780.5 780.5 780.5 780.5 780.5 780.5 780.5 780.  779.  779.  778.5
 778.5 778.5 778.5 778.5 778.5 778.5 778.5 778.5 778.  778.  778.  778.
 778.  778.  778.  778.  778.  778.  778.  778.  778.  778.  778.  778.
 778.  778.  778.  778.  778.  778.  778.  778.  778.  778.  778.  778.
 778.  778.  778.  778.  778.  778.  778.  777.5 777.5 777.  776.5 776.5
 776.5 776.5 776.5 776.5 776.5 776.5 776.5 776.5 776.5 776.5 776.5 776.5
 776.5 776.5 776.5 776.5 776.5 776.  776.  776.  776.  776.  776.  776.
 776.  776.  776.  776.  776.  775.5 775.5 775.5 775.5 775.5 775.5 775.5
 775.5 775.5 775.5 775.  775.  775.  774.  774.  773.5 773.5 773.5 773.5
 773.5 773.5 773.5 773.5 773.5 773.5 773.5 773.5 773.5 773.5 773.5 773.5
 773.5 773.  773.  773.  772.5 772.5 772.5 772.  772.  772.  772.  772.
 771.5 771.5 771.5 771.5 771.  771.  771.  771.  771.  771.  771.  771.
 770.5 770.5 770.5 770.5 770.5 770.5 770.5 770.5 770.5 770.5 770.5 770.5
 770.5 770.5 770.5 770.5]
[808.5 808.5 808.5 808.5 801.  800.  800.  798.  798.  797.  797.  797.
 795.5 793.  793.  792.5 792.5 792.5 792.5 792.5 792.5 792.5 792.5 792.5
 792.5 792.5 792.5 792.5 792.5 792.5 792.5 792.5 792.5 792.5 792.5 792.5
 792.5 792.5 792.  792.  792.  792.  792.  792.  792.  792.  792.  792.
 792.  792.  792.  792.  792.  792.  790.  790.  790.  789.5 788.5 788.5
 788.5 788.5 788.5 788.5 788.5 788.5 788.5 788.5 788.5 788.5 788.  788.
 788.  788.  788.  788.  788.  788.  788.  788.  788.  788.  788.  786.5
 786.5 786.5 786.  786.  785.  785.  785.  785.  785.  785.  785.  785.
 785.  785.  785.  785.  785.  785.  785.  785.  785.  785.  785.  785.
 785.  784.5 784.5 784.5 784.5 784.5 784.5 784.5 784.5 784.5 784.  783.5
 783.5 783.5 783.5 783.5 783.5 783.5 783.5 783.5 783.5 783.  783.  783.
 781.5 781.5 781.5 781.5 781.5 781.5 781.5 781.5 781.5 781.5 781.5 781.
 780.5 780.5 780.5 780.5 780.5 780.5 780.5 780.5 780.5 780.5 780.  780.
 779.  779.  778.5 778.5 778.5 778.5 778.5 778.5 778.5 778.5 778.5 778.5
 778.  778.  778.  778.  778.  778.  778.  778.  778.  778.  778.  778.
 778.  778.  778.  778.  778.  778.  778.  778.  778.  778.  778.  778.
 778.  778.  778.  778.  778.  778.  778.  778.  778.  778.  778.  778.
 778.  778.  777.5 777.5 777.  776.5 776.5 776.5 776.5 776.5 776.5 776.5
 776.5 776.5 776.5 776.5 776.5 776.5 776.5 776.5 776.5 776.5 776.5 776.5
 776.  776.  776.  776.  776.  776.  776.  776.  776.  776.  776.  776.
 775.5 775.5 775.5 775.5 775.5 775.5 775.5 775.5 775.5 775.5 775.  775.
 775.  775.  775.  774.  774.  773.5 773.5 773.5 773.5 773.5 773.5 773.5
 773.5 773.5 773.5 773.5 773.5 773.5 773.5 773.5 773.5 773.5 773.  773.
 773.  772.5 772.5 772.5]
[808.5 808.5 808.5 808.5 808.5 808.5 808.5 808.5 801.  800.  800.  800.
 800.  798.  798.  798.  797.  797.  797.  797.  795.5 793.  793.  793.
 792.5 792.5 792.5 792.5 792.5 792.5 792.5 792.5 792.5 792.5 792.5 792.5
 792.5 792.5 792.5 792.5 792.5 792.5 792.5 792.5 792.5 792.5 792.5 792.5
 792.5 792.5 792.5 792.5 792.5 792.5 792.  792.  792.  792.  792.  792.
 792.  792.  792.  792.  792.  792.  792.  792.  792.  792.  792.  792.
 792.  792.  790.  790.  790.  790.  790.  789.5 788.5 788.5 788.5 788.5
 788.5 788.5 788.5 788.5 788.5 788.5 788.5 788.5 788.5 788.5 788.5 788.5
 788.  788.  788.  788.  788.  788.  788.  788.  788.  788.  788.  788.
 788.  788.  788.  788.  788.  788.  786.5 786.5 786.5 786.  786.  785.
 785.  785.  785.  785.  785.  785.  785.  785.  785.  785.  785.  785.
 785.  785.  785.  785.  785.  785.  785.  785.  785.  785.  785.  784.5
 784.5 784.5 784.5 784.5 784.5 784.5 784.5 784.5 784.5 784.5 784.5 784.5
 784.  783.5 783.5 783.5 783.5 783.5 783.5 783.5 783.5 783.5 783.5 783.5
 783.5 783.  783.  783.  781.5 781.5 781.5 781.5 781.5 781.5 781.5 781.5
 781.5 781.5 781.5 781.5 781.5 781.  780.5 780.5 780.5 780.5 780.5 780.5
 780.5 780.5 780.5 780.5 780.5 780.  780.  779.  779.  778.5 778.5 778.5
 778.5 778.5 778.5 778.5 778.5 778.5 778.5 778.  778.  778.  778.  778.
 778.  778.  778.  778.  778.  778.  778.  778.  778.  778.  778.  778.
 778.  778.  778.  778.  778.  778.  778.  778.  778.  778.  778.  778.
 778.  778.  778.  778.  778.  778.  778.  778.  778.  778.  778.  777.5
 777.5 777.  776.5 776.5 776.5 776.5 776.5 776.5 776.5 776.5 776.5 776.5
 776.5 776.5 776.5 776.5 776.5 776.5 776.5 776.5 776.5 776.5 776.  776.
 776.  776.  776.  776. ]
[808.5 808.5 808.5 808.5 808.5 808.5 808.5 808.5 808.5 808.5 808.5 801.
 800.  800.  800.  800.  800.  800.  798.  798.  798.  797.  797.  797.
 797.  797.  797.  795.5 793.  793.  793.  793.  792.5 792.5 792.5 792.5
 792.5 792.5 792.5 792.5 792.5 792.5 792.5 792.5 792.5 792.5 792.5 792.5
 792.5 792.5 792.5 792.5 792.5 792.5 792.5 792.5 792.5 792.5 792.5 792.5
 792.5 792.5 792.5 792.5 792.5 792.5 792.5 792.5 792.  792.  792.  792.
 792.  792.  792.  792.  792.  792.  792.  792.  792.  792.  792.  792.
 792.  792.  792.  792.  792.  792.  792.  790.  790.  790.  790.  790.
 790.  790.  790.  789.5 788.5 788.5 788.5 788.5 788.5 788.5 788.5 788.5
 788.5 788.5 788.5 788.5 788.5 788.5 788.5 788.5 788.  788.  788.  788.
 788.  788.  788.  788.  788.  788.  788.  788.  788.  788.  788.  788.
 788.  788.  788.  786.5 786.5 786.5 786.5 786.5 786.5 786.  786.  786.
 786.  785.  785.  785.  785.  785.  785.  785.  785.  785.  785.  785.
 785.  785.  785.  785.  785.  785.  785.  785.  785.  785.  785.  785.
 785.  785.  785.  784.5 784.5 784.5 784.5 784.5 784.5 784.5 784.5 784.5
 784.5 784.5 784.5 784.5 784.  783.5 783.5 783.5 783.5 783.5 783.5 783.5
 783.5 783.5 783.5 783.5 783.5 783.5 783.  783.  783.  781.5 781.5 781.5
 781.5 781.5 781.5 781.5 781.5 781.5 781.5 781.5 781.5 781.5 781.5 781.
 781.  780.5 780.5 780.5 780.5 780.5 780.5 780.5 780.5 780.5 780.5 780.5
 780.  780.  779.  779.  778.5 778.5 778.5 778.5 778.5 778.5 778.5 778.5
 778.5 778.5 778.5 778.  778.  778.  778.  778.  778.  778.  778.  778.
 778.  778.  778.  778.  778.  778.  778.  778.  778.  778.  778.  778.
 778.  778.  778.  778.  778.  778.  778.  778.  778.  778.  778.  778.
 778.  778.  778.  778. ]
