[702.  708.  519.  629.  765.5 744.  748.  632.  506.5 521.  638.  666.5
 308.  650.  689.5 425.  612.  640.  676.5 702.5 604.  664.  668.  510.5
 718.5 668.5 299.5 201.5 697.  709.5 753.  742.  394.  248.  421.5 649.
 758.  655.5 546.5 698.5 706.5 410.  700.  569.  547.5 646.  714.  716.5
 506.5 429.5 417.  703.  602.5 623.  716.5 489.5 378.  508.  658.  392.
 217.  493.5 693.5 706.5 484.5 485.5 336.  730.5 682.5 284.  709.  712.5
 754.  715.5 758.5 712.5 694.5 674.  547.5 526.  595.  662.  698.5 697.5
 505.  712.5 470.  707.  375.5 373.  561.5 472.5 738.  335.  754.5 706.5
 739.5 744.  741.5 641.5 477.5 638.  604.  611.5 629.  700.5 668.  727.5
 494.  519.5 688.  676.5 407.5 556.  457.5 572.  697.5 729.5 503.5 488.5
 397.  495.  519.5 741.  642.  738.  385.5 747.5 694.5 264.5 618.  447.
 651.  491.  521.5 673.  519.  647.5 686.5 759.  630.5 487.  684.  415.
 730.5 693.  546.  657.5 689.5 436.5 545.5 600.  504.  694.  677.5 588.5
 638.5 295.  653.  515.  742.  632.5 753.  273.5 407.  525.5 620.  438.
 722.5 414.  378.5 515.5 446.5 698.  695.5 485.  423.5 540.5 697.  454.
 687.  153.  720.5 579.  693.  593.5 632.5 670.  521.5 648.  610.5 654.
 633.5 547.  488.  460.5 540.  701.  657.  376.5 662.5 454.5 729.  562.5
 409.5 765.  447.5 588.  276.  180.5 577.  287.  716.  238.5 447.5 685.
 606.  570.5 481.  641.  644.  347.  327.5 682.5 683.5 557.5 549.  656.
 678.  548.5 169.  644.  619.  516.  623.5 627.  725.5 482.  401.5 292. ]
