[674.  725.  508.  677.  772.5 714.  763.  631.  510.5 525.  665.  663.5
 304.  639.  655.5 432.  597.  638.  691.5 691.5 620.  698.  682.  504.5
 702.5 690.5 295.5 179.5 689.  727.5 751.  735.  337.  244.  422.5 659.
 747.  691.5 553.5 709.5 716.5 404.  709.  581.  539.5 629.  712.  699.5
 526.5 412.5 395.  703.  619.5 610.  704.5 492.5 370.  495.  670.  375.
 218.  498.5 704.5 703.5 528.5 487.5 361.  758.5 705.5 267.  719.  731.5
 746.  704.5 754.5 688.5 700.5 667.  534.5 512.  577.  637.  681.5 709.5
 487.  702.5 470.  719.  400.5 377.  578.5 478.5 741.  300.  749.5 715.5
 739.5 764.  740.5 623.5 469.5 616.  613.  615.5 632.  718.5 680.  729.5
 471.  519.5 701.  673.5 411.5 560.  450.5 594.  711.5 725.5 525.5 483.5
 378.  481.  504.5 709.  619.  722.  341.5 739.5 704.5 234.5 609.  481.
 651.  465.  512.5 674.  504.  638.5 715.5 746.  633.5 469.  678.  413.
 718.5 699.  558.  631.5 699.5 447.5 564.5 617.  507.  708.  651.5 595.5
 626.5 291.  696.  520.  716.  649.5 772.  269.5 418.  537.5 642.  463.
 703.5 394.  366.5 523.5 436.5 699.  669.5 483.  400.5 547.5 723.  467.
 668.  163.  724.5 587.  691.  623.5 631.5 668.  525.5 653.  633.5 658.
 619.5 551.  511.  429.5 518.  665.  666.  378.5 663.5 454.5 704.  560.5
 444.5 739.  451.5 610.  268.  162.5 570.  283.  689.  243.5 456.5 654.
 613.  590.5 475.  639.  646.  361.  316.5 670.5 676.5 600.5 574.  664.
 672.  532.5 181.  675.  649.  499.  621.5 625.  704.5 497.  398.5 290.
 689.5 556.  374.  631.5 724.  391.  457.5 298.  434.  593.  485.  752.5
 504.5 700.5 498.  678.5 717.5 718.  320.5 645.5 168.5 460.5 498.5 629.
 703.5 733.5 589.  181.  740.5 703.  709.5 582.  626.  384.5 745.  494.
 508.5 734.5 710.5 561.5 731.  499.5 507.  200.5 663.  720.  629.5 508.5
 683.  699.5 586.5 485.5 634.5 612.5 465.5 489.  440.  465.5 503.5 705.5
 422.5 470.5 393.  255.  699.5 673.  647.5 663.  453.  244.5 733.5 574.
 698.  707.  468.5 455.5 315.5 735.5 247.5 403.5 689.5 665.  614.5 623.
 373.5 536.5 742.5 697.  675.5 653.  734.  618.  470.5 691.5 672.5 725.
 551.5 434.5 703.  669. ]
